    -88     -14     -88     -64     -32      89      65      87      73     -40     -21      30      99     -53      36     -60 
    -55     -23      16      62      20     -13     -22     -75      54     -18      82     -66     -29      -6      26      -1 
     25      12      82     -20     -63     -13      47     -85     -84      95       5      75      94     -15      60      82 
    -84      52      -7      51     -41      44     -87     -89     -22      27      91      34     -32     -18      16      30 
    -53      43     -17     -38     -60     -48      57     -57     -46     -16     -68     -63      69      92      73      94 
     64     -11      10     -57      -2      48     -28      87     -64      60      45     -37     -77     -23     -56     -35 
     51       0      86      10     -12      87      93       5      20      17      74       9      17      59     -91      10 
    -92     -54      36      75     -45      66     -73       1       3     -85     -61     -84      -1      83      76     -47 
     62      26     -44      71     -65       7      42      57     -85      77     -13      -3     -46     -86      57     -63 
    -78     -46     -35      93      66      94     -39      44    -100     -81      41      85       6     -12       1      -5 
      4     -41       4       3     -90     -55     -82      21     100     -39     -51     -76      10      79      13     -57 
      7      79     -92     -49      52     -69      26      -6      32     -88      23     -19      -9      36     -97     -83 
     49      87     -74     -89     -53       2     -87     -81     -97     -73     -17     -12      93       4      64     -46 
    -60      82      -4     -22     -81      97      76     -61     -29     -48      33      -5      30     -82      97     -16 
     41     -38      66      38     -28      10      71     -52     -34      80      38      75      56      77      48     -11 
     60     -58      25      -9      -5     -77      99      91      -3      63     -22     -82      85      70     -81       1 
