 -993  -639   197   -61  -608   868   210   679  -104  -547   100   645    62   627  -418  -550   741   532  -762   390  -950   588   419    42   470   959  -655  -358  -184   200   730  -132 
  380  -799   497  -543  -846  -519  -417   651   774  -871   608   364   320   254  -229  -829  -220  -854   289  -858   727  -480  -239  -221   788  -693   279  -592   782  -161   384  -376 
  113   809   706   395  -818  -892    63  -984  -547  -693  -664   750   953   528   236   160  -128   731   362   148  -554   379  -547   827   699  -735  -705  -167   110   167   889   -62 
 -692   596    70  -717  -542  -486   924  -123   766  -894  -222   188  -889   354   795   242  -851   575  -687   500  -775   898  -990  -971  -355   823   319   907   -81   615   887   546 
  558  -320   971  -361    81  -934   777  -112  1000   344   -36  -359   571  -300  -405  -777   438   232  -202  -691   602  -760   978  -258  -679  -861   712   380   113    58  -218   -79 
  123  -115   943   927   -42  -155   686  -507  -416  -339  -504   183   249   288  -692   538  -135  -420  -620   154  -928   239   700  -557  -379  -651   459    39  -588  -438  -102   768 
  964   474   447   862  -128   865    72   979   220   272  -456  -843   920   -22   928   384   274  -937   578  -816  -565   725  -827   662  -892   995  -480   521   460  -580   879  -248 
 -567  -128   828   739  -138   671  -397  -236   755  -103   376   835   800   309  -347  -124  -666  -498  -248   864   812  -667  -952    19  -524  -373   550    79  -420   424  -340   321 
 -852   124  -740   209    26   877   269   -50   248   795  -653   837   521  -273   -71   265  -805  -696  -300   905   300   493   577   284  -500  -840   228  -647    -1   209  -260   180 
 -680   436   663   186  -880   564  -455  -167   -61  -173   746  -457   620  -261  -677   908  -558  -961   483  -894  -269    62   -88  -238   585   613   683   553  -855   842   515  -199 
  141   907   613   417   587   635  -988  -658  -220  -708   -13   504   604   213  -579   979  -571   485    84   359  -870   991   327   416  -192   325  -923  -628   442   264  -112  -401 
 -154  -463   946   526   227   874   206   570  -417   374  -874   635  -107   904   206   616  -492  -707  -913  -853  -985   552  -549  -639   -26  -825   785  -763   986    -7  -659    22 
 -269  -543   696   462  -216   772   489  -336   373  -337   851   481  -856   293  -477  -239   -18   614   663   -41   -98  -420   497   874  -244   908   410  -441  -857  -917  -682   832 
  532   844   181   323    78     7  -148   824   829   193   496   216   965   218   444   369   902  -189  -747   122  -596  -672  -301  -964   952   250  -343  -681  -721  -155  -700  -243 
 -935  -337  -900   722   902  -400  -301   473  -794   513   897  -880   141   454   133  -883   439   289  -122   800  -442   763  -608   -57  -769    79  -322    51  -899  -129   784  -729 
   63   757    40  -389   463   228   -56   333   186   406   513  -432  -254   707  -709   387   422   437  -985   754   201   111  -903   761   590   806   256   -75   829  -210  -690   857 
 -551   446    -1  -550  -492  -427   680 -1000  -981   677  -815  -894  -400   381   119  -896    83  -896    -6  -385  -478  -699  -757   554   401   513  -544   245   853   242  -439  -464 
 -890  -821   393  -445   527  -637  -821   778   288   331  -848   311   918  -650   668   292   504  -365   105   883   672  -997   297   173   467   818   547    71   382   293   555   277 
  795   -11  -717  -149   535   112  -807   640  -324   785  -690   576   489   462  -136    -9   870   811   267   733   -56  -449  -929    76   413  -393  -491  -614  -470   501  -547   364 
  421  -682   702  -862  -928  -378   195  -952  -934  -753   972   742   -94  -569   519   180  -567   684   369   696   496  -190  -619  -141    17  -393   303   479   -41  -647  -325   358 
 -214   209   243  -318   299   125  -782   130   147   544  -661   793  -287   -89   420   745   314   359  -700   746    11  -709  -195  -219   446  -276  -378   713  -863   316  -556  -103 
 -943   794  -284   813   396  -432   212  -779   888  -309   342    34   481  -843   -22  -357    62   776   974  -520  -263  -501   882  -953  -594  -976   658   271  -160    85  -659   814 
 -109   639  -684   935   506   586   710  -887  -759   440   778  -540  -500  -213   362  -223   392  -321  -217    42  -961   447   485  -270  -890  -674   354  -996   869   948  -371   174 
 1000  -596   -99  -499   781  -197  -271  -319  -548  -112  -928  -910  -900  -890  -829   769   323   176  -964  -509   316  -807  -773   512  -812     1  -701  -572   994  -902  -786  -280 
  971   754   192  -532  -825  -158  -752  -927  -140   499  -482   994   855   176   813   312   979  -788   886    87     9   264  -646  -102   386  -687  -718  -832  -512   659  -535  -590 
   -7   842   721  -668  -116  -614   -58   927  -119   324  -390   402  -984  -927  -866   157   877   287   545  -933  -500  -630  -513   322  -296  -799   717   550  -417  -991  -672  -434 
  399   -23   330   510   587   430    67  -921  -466  -265  -394   898  -916  -583  -932  -588   989   555   771   584   930  -778  -642   897   -73   396   728  -981   -45  -173   369   190 
 -257   227    83   809  -215  -202  -750  -386   -64  -784  -170   165   525  -696   486    43  -461   927  -318  -335   975    70   700  -398   685  -920  -663   846  -675   708  -426  -239 
  -50   620   299   339  -115   187   695   715  -934  -834  -659   -51   718   217   200  -292  -465  -249  -370   603   458  -393    86    89  -913  -124   511  -838  -373   386   336  -679 
  871  -823  -487   549  -262   649   864  -160  -488   554  -687   665   870  -160   136  -631  -910   527   558  -168   920  -672   201   660   153  -628   771  -710   392   211  -997  -968 
 -474   429  -188  -197  -464  -495   725   811   -26   470   159  -219   -36   635  -243   339  -853   879   291  -958  -720   308  -880   254  -473  -758   588   186   534   144  -711   611 
 -733   -22  -406    91  -684  -208  -563  -226   493  -920  -130   956   283   373  -388  -132  -327   531   739  -158   833   313   -77  -386  -852   967  -743   683   612   213  -664   410