   39   -30   -46    34    32   -19    31   -15    36   -18    48   -45    48    18    21    31     1   -33    25    20   -24   -28     5   -48   -14    49   -48    34    23   -27     9    -9 
   -4    40    21    47     6   -33    -4   -29    -3    36    -9    27     5    26   -25    47    47   -44   -44   -32    40   -24    19    40     2    -1    -6    35    26   -11    19     9 
  -26    44   -50   -17    33    40   -45    35   -19     9    17    27   -29   -20    22   -15    -5   -18    35   -19   -26   -25     4    37    23     7    37    10   -50    26   -29    15 
  -30   -20    20    20    36    43   -20   -34   -42   -31    23    15     1     5   -40     2   -43    39   -14   -37    40    24     4    40   -18     6    28     9     2     2   -30   -10 
  -17    17    28    -4   -22    40    10    47   -42    42    32   -44    43   -32    12    -1   -30    -1   -36   -19    27   -13   -45    42   -14   -37    49     9    23    26   -21   -50 
   28     6   -27    13   -22    40   -39    30    43     5     0    -8     6     5    -8   -47    13   -38   -44    24    -8    47   -24    39   -19   -19   -24   -21    14    48     6   -41 
  -40   -15    46    -1   -27    20    49   -31    47   -33    39     6    49    -9     5    49     1   -11     5   -32   -20    25   -49     0    16   -14   -13   -46    -6    31    19   -22 
  -44   -35    50   -22    -4   -43   -47    25    10   -35    36    44   -46    45    43    43   -35   -39    50   -48   -18   -48    -6    -2   -46   -15   -44    32    50    13    39    -2 
   47   -45     4    34   -28     7    -5   -18   -14    10   -41    23    32   -30    -7   -34    -9   -14   -19   -39     7   -50     8   -43     3    14    25   -42    39    -9     8     4 
  -35    47   -12    18    36    48     1   -19   -47    -5    14   -36    18     2    20    37    15   -47   -18    43     5   -29     2    28    33   -36     7   -32   -44   -11   -13   -34 
  -10    -5    -8   -20   -37    50   -23   -37   -37    29   -45    41    38    18   -18   -13    38   -50   -35   -34   -35   -16    -8   -45     9    -5   -16    28    48    32   -28   -17 
  -35   -41    43    -8    25   -17    -3   -45     7    45    38    14     0    38    46   -45    20   -13    -6    31    49    29     3    31    19   -21    29    50   -37   -28   -43   -36 
  -49    35   -20    -5     5    13     1    23   -50     0   -23    20    49   -39    46   -16    28   -41    11    31    40    16   -21     4    16    11    34     1   -42    45    -9    36 
  -34    32    31   -46    12     5    29    -6     6    46   -48     0     1   -12    37   -10   -28    20     8   -36   -29   -14   -17   -50   -16   -41   -11    44   -48    38    17    -6 
   -9    15    18   -31   -44    -8    42    -8    37   -37     3   -11   -39    14   -21    33   -24    -6    24   -33    26   -38    -9    -8    14    43   -15   -21   -19    40    49   -32 
  -23    13    16   -16    -6   -36     4    13    50    -8    49   -32   -24   -43    48    30    10    42   -34   -50    34   -41    44    22   -26    -6   -25   -31    48   -15   -44   -48 
   29    37   -21    48   -35   -24    -8   -14   -12   -48   -41   -20    36   -41    45    21   -21    41    28   -29    29    30    -7     0     5    20   -11   -40   -39    14    49   -37 
  -15    -4   -28   -24     4    38   -24    33    38    38    -4    27   -34     9     1   -43    39     3    38    45    30   -47   -14    13    -3    -8    20   -19    39    -7    15    16 
   32   -44    41    -7    36   -46    -7     5   -45    -3    -9   -42    38   -40    46     4    20     4   -32   -30    45    45   -50   -25   -12   -19   -18   -46   -12    48   -23   -21 
  -27    -7    14    12   -21    41    -1   -10   -17    -9   -48    23    -3    45     1   -23    -3    11    33   -44    10    15    27   -11    31   -22    31    10    28   -13   -44    40 
   11    37    26   -17    15   -16   -41    20    15    37    40    16   -45    -3   -44   -29   -46     2    -7     1   -13    15    -3    43    41     8   -27    41    15   -18   -37   -47 
   28    -7    17    11    27   -38    19    32    16   -15    24    19   -45    32     4   -40   -19   -31    29    14    16   -50   -26   -12    31    16   -46     8   -30    15   -50   -22 
  -37    46   -33    34   -31   -21     8    41   -41    46    12   -24   -49     0   -28    40     1    35    47     8   -27    -1   -33    50     7   -48   -39    34   -22    39    -6     7 
   16   -34   -40   -24   -50   -39     3    36   -11    18   -18    -5    24   -17    16    42    30    16    -1    10    38    -3   -35   -28    34   -17   -30    -7   -18    13    28   -24 
  -39   -43    12    24     9    49    23   -44    -3    25   -49    -9    13    37    13   -48    43    28    49    -1    45   -27   -35   -33    37     0   -36   -12    29   -48    25     6 
    8    28   -15   -39    -6    23     0    45    43    11     0   -29    -6     3   -30   -34    32    15   -31    10    35   -28   -31    22   -45    26   -19    20    33    43     2   -50 
   -2     3   -14   -13     6    12   -48    25    18    21    48   -37   -19    20   -36   -48     4   -12   -28   -28   -41   -36   -42    -3   -37    34   -17    -4   -45   -41    40   -28 
   42   -37   -45   -24   -28   -28     8   -19   -22   -11    50    36   -13    37   -30   -29    26   -33    48    33   -43    50   -46   -23   -30   -47    37    12    29   -44   -17    32 
  -14    -7    20    -8    43   -44   -38   -21    12    37   -43    -1    23    23   -36     5    -3   -16   -35    11    22   -40    40    29    12    19    23    22   -23   -29   -34     4 
   43    22    -3    28   -21    50    -5    -7    18    23    13    42   -24   -28   -42   -42    20    20   -15   -38    -6    35    50    38   -30    33     2     5     0    12     9    23 
   10    46    49   -47   -32   -44    15     8   -15   -16   -24     2     5    38   -16    23   -37   -27    39   -27    31   -10   -32   -28    47    31    13    -8    21   -43   -11     2 
   15   -14    46   -11   -34   -37    41     7    -1   -25    44    39   -43    -1   -46    49    37    13     9    -3    28    18    45   -31    16   -35   -36   -28    42    44     7    32 
