  809  -541   -78  -874  -922    56   356   270  -721   876  -103   423   785   954   599   101   -97   251   185  -287  -341  -399   117   516   552  -854   831   996   903   113   539   -95   491    86   274   461  -126    33  -918   480  -666   796   931  -736   287   488   552   576   593  -412   629  -665   331    34   -27   948    12   595  1000  -349  -583  -239    12   457 
 -241  -532  -452  -506  -699   771   298  -500  -796   582  -304   729  -783  -253   376   474   408  -838    14   672  -169    92   424  -177   123  -647   746  -599   639   685  -328  -488  -748   518  -517  -793  -236   358   526   325  -866   464  -541  -766  -387   963   842  -120   237  -404  -145  -366  -711   985   988  -136  -154   580  -804   765  -203  -738   208   719 
 -249   641  -807  -893   722   866   732   317   574   165  -681   442   986   -50   960   190  -782  -314   651  -226  -403   559   696  -780  -531   899   687   809  -265   807   -50   708   884   269   389  -424   993   694  -260   515   836   130  -751   216   212  -745   957  -813  -957  -885  -649  -123   -38   148   816   966   213   135  -729   219   145  -781   -79   329 
 -275   314  -260  -963  -682   329  -259  -996   -51   744   148   425   266   272    -2  -231   112  -137  -975   -65   445   773    40   616   626  -528    73   756  -658  -394   676  -636   382   265   125   634   782   584   246  -552    36   -82   692   251   131   554  -369   235   354   211  -319  -948  -771   -47   637   313  -201  -312   536   -70   648   625  -197   695 
 -820  -982  -177  -111  -481   446   803   479     7   729  -905   783   577    -1  -950   -48   961  -185  -667   795    20   523  -636   -40   716  -885  -247   -47  -466   -50  -379   857    66   682    39   143   350   946  -990    33  -270    96  -776   -10  -707  -719   409   605   758   -89    -1  -475  -438   376  -476   734  -952  -473   909   165  -291  -972  -544   271 
 -466  -157   538   790   163   973   956  -426   315  -286   823  -774   399   141  -107    58  -592  -841  -466  -431   942   826  -648  -446   450    22  -985   866   305   234  -465   448   747  -863   518   452  -179    -7   666  -698   975  -352  -367  -841   261   -65  -620   621    36   272  -989   902   833  -948  -891  -130  -370   -45   732   421  -778   591  -426  -471 
 -957   158  -619  -458   913   763  -984   180  -883  -477  -233  -634  -851  -486  -304   334   986   498  -222  -582   367   332  -287   942   476   300   798   205   991   754  -879   844  -574   738   969   419  -962   -51    58   670   783  -850   470   328  -889   244   -71  -341    14   818    47   800  -492   671   906  -887  -610  -310   180   -78  -672   678  -840  -510 
  105   709   315  -122   -14  -392   -96   903   679  -558   967  -274   502   556  -185  -599   548   367   324  -857   297  -896  -864  -665   284   636   612   311    -9   -36  -149  -211   136  -771  -172   849   517   922  -427  -749   578   477   514  -232   620   473  -711   136  -271   -53 -1000   336  -986  -427   294  -296  -498   -90   882  -751    10   894  -672   633 
 -554  -656  -438   765  -702   616  -752   897   420   876   865  -528   384   894   330   462  -166   315   129   199  -261  -225  -417  -769    85  -549  -440   179  -577   799  -226  -704    61  -791  -821   277  -377  -747  -506  -631  -975  -152   556   952   722   389   657  -287   883  -750   679  -546   667  1000   345   222   -49  -789  -995  -419  -325   727  -544   -27 
  605   -48   468  -942    56  -229  -232   162   988  -892  -232   290   586  -198   854     5   184   461  -490   293   -77  -925  -626   333   -31   888  -390  -973   546   767  -532   406  -351   -62  -580   879  -351   681   523  -894   719  -923   318   897  -506  -929   650    83   419   712  -726   928  -287  -161  -803   668   893   484   -68   146  -915  -727   -66   -51 
 -891   177  -373  -842  -364   -57  -442  -698   968   480   286  -598  -743  -848  -855  -894  -699   186    21   271   -81  -169  -190  -402   934   681  -123  -969   109  -503   100   750   430   654  -115   -75  -600  -290   215   773  -494   -42   299   434  -869  -112  -437   357  -207   927   323     1   951  -461   263  -466   469   962  -792   871  -817  -129  -637  -993 
  743  -740   687   614  -204  -589  -282   -85   985   281  -749  -126  -934  -573   219   938  -271  -318   966    41  -123   801    60    76   739  -145  -931   136   603   -36   221   764   259   790  -463   631  -378  -299   968  -266   359  -108  -993   611  -624   408  -727   898  -877   481  -532  -115   234   710  -933   981    49  -274   761  -106  -955   120  -260  -982 
 -452   104   913   842  -934  -390   -79  -527   729  -201   621    -2   486  -109  -385   630  -524   945   539  -756   731  -660   -53   377  -219  -464   866   133    16    54   831  -996  -192    16  -739    13  -608   449  -279   749  -592   622  -422   394   596   401   158  -548   437  -710    33  -188    92   843   727  -651  -224   996  -444   736  -939  -744   544   -86 
  388  -235   497   614   801  -917   587   933   123  -952   869  -298   424   493  -868  -395  -626   932  -347   535  -492   782  -853  -384   370  -367  -520   734  -772  -632   649   127   120    58   -52   658   -34   555  -796  -881   776  -294   345   734   534   877   192  -270  -305   916  -217   203  -417  -677  -808   562  -142   -85   113   817    15   891    57   407 
  491   620  -773  -748  -510  -942   980  -665  -682   697  -223   356  -696   -96  -105  -869  -495   820   -56  -834  -285   362  -837  -214   -20   676  -568    29  -494    21   180   -70   -96   662  -290  -954    -3  -524  -890  -456  -457  -290  -195   503  -908    72  -725   593   434  -354  -680    48  -292   494  -879   361   391  -519  -675   424   100   644  -355   668 
 -118   854  -972   610   515    44  -818   869  -191  -194   618  -280  -797   421   298  -511   846   801  -466   -40  -478  -337   714   430  -543   758   434  -980   213   928  -494   172   879   180   864   209  -515   407  -379  -851  -397  -621   768  -791  -184  -749   663  -427   -37   940  -759  -170   270  -459   614   102   858   886   467  -425  -640  -525  -267   686 
  401  -662   127  -699   -47   912   701   528   530   358  -592  -198  -739  -784   599   152   994   629  -256   262  -795  -340  -886   301  -547   537   393   413   321   661  -751  -790   777   872    91  -289   146  -134  -483   747  -251   487    47  -761  -143   280   -46   704  -392   693  -493   795  -555  -421  -940   229  -860    58  -147   233   870   816     2    57 
  560  -606   782   436   701   478  -484   460  -362   418  -219   936  -954  -614  -653   534   978   918   217   -15   312   342   100  -973   914  -732  -460   430   710   831   252  -568   429  -580  -566  -453   970   669  -758   399   233   285   162   -26  -130    48   340  -941  -984  -686  -399   682  -211  -655   -37   126   824  -526   -77    50   324   405  -657   776 
 -551 -1000   379   -87   785  -860   218   239  -241  -190   239   385   585   428    92   546   639   398  -960   876   153  -702   173  -583   963   921   796   908   716   824   307   896   876   376  -826  -848  -276  -910   280   391  -881   734   373  -715  -280   806   913   577  -207  -730  -605  -901  -727   101  -449  -130   552     4   807   533  -982  -108  -642   763 
 -330  -390  -524   -31   186   637  -537   737   581  -285  -170   199   437  -490  -131  -478  -846   548  -470  -956  -685   -11    87   456  -396   845   589   191  -947  -560  -862  -463   978  -321    35   526   291  -220   819   682  -908  -726   762   930   693   405  -330   926  -646   191   247  -719   224  -645   479   403  -445   150   169  -499  -759   109   981   968 
   38   520     7  -841  -835  -297  -435   228   964    90   941   634  -647   964   -75   975  -879   519   942   973    70   393   720  -383   363   769   748   916  -364   474   107  -398  -663   488   125  -864  -548  -349   164   619  -783   721  -149   828   828    75  -853   983  -818   934  -586   748  -629   243   379  -288  -248  -720   761   230  -312   -63    61   838 
 -355  -356  -683  -571   424   130    80  -108  -464   278  -939   882   893  -536  -823   248  -746   992  -292   681  -476   681   -68  -296  -938  -920   -98   306   -71   220  -268  -276   736   914  -750   455   165   874   737  -265   191    -4   495   528   608  -464   130  -541  -495  -432   823  -740   283  -182  -611  -282   207   -58  -828  -180   936  -468  -891   897 
 -676  -357  -915  -838   828  -901  -991  -537   -66   653  -671  -977  -274  -375  -172   501  -970   490  -671  -803  -737  -709  -147   666   702   833   465  -484   412   715   578   -45  -253  -314   260  -382   -72  -631   -55   791  -535  -432   340  -404  -126  -115  -361   949  -576  -125  -641   998   322  -644  -100   267   424  -118  -773  -483  -960   395   553   -64 
  890   703   935   649  -400  -302   515   879   697   -13   950   265   -91   366  -896   696  -240  -893   450   495  -405   928   168   762   219   579  -956  -607  -919   494   553   434   330   867  -174   796   414  -314  -145  -541  -775   987   -73    98   915   511  -706  -670  -441  -565    80    61    87   -84   570  -881   -17   587   -54  -295   739   526   447    64 
 -314   315   954   865  -936   930  -444   868  -974   836   408   -42  -474  -484   161  -656   464   586  -471   848  -802   257   722   830   128  -682   239  -782  -730  -791   691  -751   297  -503   325  -533    68  -518   995   690   668    72   606  -442  -973  -795  -966   624   274  -974    23  -203   115  -357  -407  -860  -362  -927   587  -285   805   963   789  -440 
   46  -627  -660    80   441   -82   635   540   369   113   811  -595    89  -863  -326   397  -803  -595   505  -817    34   750    27  -160   145  -889   160  -321  -650   713   471  -908  -664   372   778  -102   846  -779   114   496   190   991   500  -944   226  -277   239  -750   765  -686   260   461  -528   293   822   -50  -257  -769   576  -727  -767   688     4   262 
   57   532   419  -449  -728  -902    62  -671   317   829   288   419   641  -637   533   965  -510  -555   485   805    11   296  -164   320   632   396  -882    65   695    -1   785   340   864   340   523   -48   300   834  -509   819  -979  -912   305   295  -903   275  -554    85   110  -764   821  -557  -772   346   103  -754   534   523   326   524   805  -933   871   909 
 -684    77   291  -456   910   580  -714  -697  -154  -334   175  -777  -112   -53  -646   282  -325  -166  -942  -268   129  -646   585   474  -661   713  -236  -287  -543    32  -835    53   -80  -723   991   115   751  -292   818  -180   517  -525   -95   876  -271  -849  -169  -865   632  -213   -57  -522  -856  -887  -217  -794  -538  -876  -418   415   872  -999   379  -477 
   38   815   454  -430  -901  -473    -8   306   766  -926  -560  -542   741   739   -58   596  -619  -598  -436  -554   678   721  -353  -519  -773  -380  -899   -18  -918  -373   148  -120  -517  -252  -132  -279  -909   305  -179  -876   542  -192  -869  -756  -763   877   -22  -620  -316   142  -799   133  -848  -230  -772  -844   262  -321  -511   509   627  -447   516   548 
  448  -323   683   523  -346  -948   -75   665  -233   690   -14  -758  -845   489  -846  -766   538   845   -86  -164  -859  -390   776   484  -949   789   669  -357   766   850  -957   -70    47   226   606   281   318   414   108   143   425  -881   373  -389   408  -362   902  -523   169  -175   239   488    63   331  -123   208   727  -786  -495  -150   509   430  -607   731 
 -453  -528   -93  -857    24   701  -624   589   111  -148   812  -738   576  -835  -143    54  -757   335   881   795  -626   148  -724  -307   804   -69   -29   476  -924  -868   271  -166   290   891  -750  -466   818  -649    68   171  -945  -750  -557  -894  -385  -391   957  -733  -328  -579  -493   818  -558   675  -110  -982   177  -460  -729   702   263   648  -755  -711 
 -965   558  -895  -677  -695   110   500   874  -554  -304   -16  -895   688   317  -474   413   118  -347  -912   567  -649   239  -557    80  -684   850    98  -417   854   636   871  -987   978   945  -699   -93  -627   471    89   803   313   259  -832  -431   156  -564   899  -985  -261  -651   240  -699    57  -607   746  -321  -191  -297  -295  -105  -953  -625  -333  -636 
  291  -162  -720    -8   627  -630  -825  -948   396   800   -91   388   316   369   558   269   544  -451   -65   916  -625  -795  -321   162   -31   968  -317   175    74   635   -60  -690  -160  -732  -659  -432   572   607  -899   581  -432  -375  -417  -349  -348  -666   270   558  -609   364  -379   572  -651   345   709  -690   -32   -54   780    96   456   718  -386    63 
  663  -198  -601  -219   500  -437   790  -773  -554   776  -554  -637  -199    59  -801  -216  -164   279   920   230  -282  -363   896  -589   -32   746   326   716  -126  -228  -227   507   655   -65  -745  -969   952  -710  -805  -758   347   693  -881   904  -426   935  -722  -120  -845   804   914  -797  -665  -669  -972   332  -311  -606  -379   525   477   196   371   739 
  296  -927  -793  -694   183  -685   649    38  -711   276   694  -582   465  -642  -856   718  -132   953  -461   361    77   115  -322  -294  -206   -42   172   938   821  -680   910  -333   220   -75  -321    52   729    63   803  -683   518   914   668   706   970   333   324  -588   628  -235   966    83   -66  -243   659  -626   374   455  -265   138   299  -379   607   936 
  340  -861    20  -983  -545   611  -984  -894  -278  -911    67  -274  -401  -532  -847  -741   -58   596  -649  -384   844   686  -506  -949   -72  -450  -726   908   676    32   342  -264  -740   916   138  -413  -492  -952  -224   506   686  -882   402  -208    -9  -204  -602  -102  -928   501   401   -13   361   559   610  -685  -311   781   928   583  -236  -952   961   517 
  757    51   194   227   410   800   778  -192   838  -849   175   619  -528  -892  -227   966   944  -741  -947    65  -392   967  -262   306  -225   460   274   546  -831   643  -166  -512  -928   -16  -968  -837   993  -255  -537   963  -187  -731   -26  -460   147   713  -651   -63  -264   -42   332   828   838   525    55   324  -507   820   559  -232  -538   414  -224   562 
   -6  -117  -943   983   168   -11   992   274   -95  -230  -916  -539  -464   303   786  -641   178   551   448   202   -98  -393  -428    89  -314   944  -983  -583   677  -290   327  -711   935  -958  -289  -994  -897  -345   135    61  -162   243   311  -113  -573    91  -256  -667   809  -982  -541   273   -34  -982   -89   449   -44  -766   774  -576   904  -905   846   614 
 -733   239  -883   750  -660    64    82  -447  -626   411   781   198  -893    35   480  -302   349   -30   482  -368  -701   770  -716  -699  -617  -498   655  -939   473  -227  -519  -789   555   131  -630  -764   488   470   523   763  -681   308  -641   946  -930  -587  -782  -268  -551  -817  -579  -397   259   -61   948   416  -477   255  -762   755   194  -966  -575  -919 
  503  -814   607   -90  -256   937  -958   200  -257  -487   -46   207    16   431    93  -367  -456  -725   689   712   412   383   499   642    97  -471  -963    61   696   539   254   393   907  -394   657   556  -712   -53   905  -218   265  -665  -222   185  -822  -610   269   921   -28  -998  -321  -309  -618   511  -960   517  -904   163   994  -313  -728  -335  -906   416 
 -599  -720   880  -456   408   755   775    43   891   170   353  -312   310   728  -440  -872   642   341  -703  -226  -420    -2   896  -575   541   -44  -895  -687  -615  -350   789   982   646   532   159   -15   531   711  -780   355  -750   516  -420    63  -711  -436  -307  -636  -594   487   523  -179  -162   905   616   793   722   169   836   876  -225     0  -164  1000 
 -649  -162  -196  -441   679   404   863  -935  -122   718  -826  -429  -835    -1   887  -298   727  -187  -940  -305   660  -567   -69   757   631  -817   707  -166   834  -431   -29  -365    53  -190  -778   701  -551   248   308   878  -464  -544  -334  -527  -876   925   -46   131  -155   738  -319   790   633   876   -89   584   241  -492   751   342  -470    85  -770   -23 
 -500   -79   -62  -870   767  -424   673   144   750  -128  -119  -175  -662  -997   -76   815  -786   626   798   -23  -673   -66   590   961   314   535  -233   -95   500  -197  -638   205   217  -694  -138    62  -333  -593  -810  -217  -864   776   303  -748  -581  -766   811   934  -402   -58   519   134   588   653    13  -137  -676  -493   930  -854   649   257  -389  -998 
 -688   321   191   812  -972   729  -596  -378  -971   -62   779    88  -466  -733  -528   780     5   142  -432  -325   228   253   152   548  -321  -118   496   819   -23    -9  -955  -965   188  -387   697   117  -736  -426   336  -172   868  -638    94  -432  -720  -535  -222    78     9  -191    14   920   136  -548  -203   561   308    77  -296  -654   378   474   572    15 
  417  -784   450  -315  -588  -674  -973   428   489  -439  -222   267   600   899  -603   798  -557  -847   -42  -801   169  -648   348  -599  -193  -525   811   897  -428   400  -350   453  -811   660   -16  -699  -290  -856   454  -670  -602    47  -133  -494   570   310   -37    83   229  -331   750  -879  -864   338   258   132    29  -351  -138   170   677  -342   212   728 
 -825   -22   578   765  -447   891  -477   191  -587  -679  -808   642  -954     7  -492   700  -262    91   647  -888   242  -157   679   750  -674  -297   838   687  -924  -995  -902   722   688    59  -838  -815  -449   493   376   213    43  -511   622   200   316  -904   -16  -547  -379   547  -829   780   123  -347   -61  -815  -342   769   550   -92  -806  -459  -598  -868 
 -310   340  -501  -224   788   339   529   913   397  -203  -850  -163   356   943  -770  -775   194   294   783   869   682  -579   519    62   162   -77  -537  -526   396  -441   387  -202   364   -95   259   396  -747  -248  -725  -218   711  -234  -681   574  -263  -830   651   843  -246   443   -20   535   355   128  -852   442   491  -817   408  -221   475  -533  -449   803 
 -343   296   877  -315   560  -374  -265   313    33  -899   829  -480   -30   549   237  -719   245    -8   108   731  -819   214   559  -401   590   400   311  -973  -244  -772  -666  -616   891  -398  -334  -723  -763  -929  -994  -338   658  -385  -690  -450   356  -722   359  -551  -364   444   399    88   677   952  -772   339   -38  -490  -596   953   200   587  -273   672 
  466   982   945   453   897   206  -303  -854   660  -350   895  -141   823  -563   378   136   629   182  -248  -509   308  -755  -605  -842   843   925   874  -173    81  -508   671  -158   -18   636  -804  -903   470   749   442  -588  -716   -75   793   909  -944   895  -797  -927   335   525  -956   272   644  -521   295  -732   439   496   292   848   268  -343   738   876 
  828   494   829  -538   690  -439  -905   922   135   175   304  -829  -966  -615   844   854  -551    14   768   948   129  -952   374   316  -130   983  -656  -208   628  -938  -854   677  -599   707   819   805    77    85  -260    26  -633   568  -340  -110   611   818   572   580   786  -457   686   670  -633   -65  -869   398  -988   439   243    -2    67   629   942   -88 
 -400   672   105  -949   104  -416   621   339   683   384    52   181  -766  -544  -668  -146   161  -216   -62  -163  -489   652   565   875  -814   149  -430  -872   117  -322   353  -775  -493   784  -779  -441   370  -319  -232   -48   615   849  -538  -438   375  -149   809   100   153    18   479  -341  -850   971  -455  -585   706  -331  -425   937    87  -317    63   461 
  -58  -520  -325   433   365   179  -118   256  -694   906  -646   -80  -910   -54   934  -263  -192   -39  -954  -170   906   526   522  -959   184   323  -522  -571  -968   279   995  -162    56    93   751  -568   379   558  -903   476  -907    73   710  -250   137   839   487   424    18  -285   546  -984   -23   807   965    26  -382  -650  -700   626  -838   603   785  -368 
   73  -291  -849  -760   -52  -402  -235   899   631  -223   931   594  -590  -679  -168   179   421  -473   789     5  -673    32    -1  -723  -737  -442    41   526    -1   609  -433  -359  -271   282   255   468  -100   494  -541  -955   791   695   303   667   219   209   746  -221  -199  -386   873   883    19  -248  -660  -442   495  -142  -958  -474  -118  -713  -356  -350 
 -900   840   696    45   467   768   -81   366   156  -744   -68  -702  -615   235   305   702  -550   245   967  -979   424   780  -582    -9   525   257  -533  -212  -200   355   542  -538  -219  -565   183   311   -63   188   440  -483  -770  -359  -465  -507  -107   501   706   685  -356  -130   759   307  -670  -350  -633   494  -749  -659  -462   526  -831   175   270   312 
 -464   785    42   -82   914   588   560   761  -686   573   686   568  -596   635   535  -804  -476   716  -343   434   870   698    45  -992  -179   500   209  -484   651  -849  -819    81  -703   799   930   609  -657  -545  -188  -353   471   794   141  -638   818   -78   492   656    94   350    10   778   632   467   112   273  -540   214   -75  -495  -325  -342  -323    20 
 -463   814  -706   704  -795  -602   231  -629  -966   396    88   125   938   494  -160   819   336   625   484   450  -320    14   429   391  -275   263   522   889  -223  -472   408   449  -527  -480  -751   750   -73   534    65  -147  -862    14  -633  -800    13  -556  -405   -76  -132   423  -520   149  -311  -731  -180  -603  -553  -579   716  -211   675  -144  -561   681 
  754  -675   393   -70  -816   749  -651   479  -870  -508   -67   -78  -266    60   101  -610   -58   685   162  -647   -93   568  -968    54    19   560  -628   711  -817  -192  -351   873  -838  -307   293   474   663   542   671  -314   854  -521   997   763  -558    84   441   603   841  -212   312  -739  -882   707    86  -826   335  -565   398  -189  -690  -441   456  -843 
  273   571   808   433   848   834   988   822   502   741   996   367   650   644   801   390   138  -732   -56  -601   -50   841  -624  -401  -270  -191    45  -501  -215  -366   201    66  -396   546  -121   916  -513   553  -467  -121  -641  -220   300   309   992  -255  -209  -500   409   535   -93   327  -354   566  -548  -465   741   513   123   -74  -907   950  -177  -400 
   25    38    95  -676   419   284  -302   737   432  -497   371   641   225   -48    -6  -709    13   346  -172   126   815  -603   706   474   731  -292  -334  -673  -817  -638    76   476  -937  -606    71   577  -650   775  -529   286   180   899   136   344  -298   534  -270  -927   890  -520  -247  -294   257  -943   492   552   832   167  -968   950   -92   965   956   106 
 -409   735   182   248  -615   350  -244  -892  -150  -943    -8  -118   996  -766   247   702   945  -694   585   446  -675   961  -406    86   721  -385    64   227   289  -733  -652  -787   284  -277   948   522  -101  -901   837  -157   706   632   931   199   571   803   -88  -686    20   352   725  -298  -776  -508   -34  -445  -491   325  -339  -581  -850  -260    54   684 
  331  -992  -521   237  -758  -951   741   731   869  -444   353  -863  -454   365   874  -523   743   225   497  -898  -628  -913  -650  -433   233  -109   504   -70  -795   410  -345  -757    36   439  -333   481   467   705  -351   250    18  -226   700   759   475    89  -736   154  -439  -187   991   290   -99  -501   825  -392  -332   437   454   142  -642  -607   564  -528 
 -618  -484  -329  -126  -112    49   237  -145   205  -863   546  -280  -742  -411  -772   942   988   269    90  -757   -27   -70   190   421   968  -555   189  -780  -749   204   616   -20   510   501   979  -944   654  -149    21  -885  -654  -407  -497  -544  -499   -49  -111  -706   214  -353  -830   131   634   834   652   387   530  -929  -712   488   768   402  -534  -409 
   70  -984  -216    83    -3   740   660  -760  -155   -69   158  -135   109  -462    65  -142  -836   502  -649   708  -457   953  -445  -254  -855   274   207  -763  -929  -860   471   904  -968   606    59  -437  -207  -121   901  -350   860  -217   602   593   202  -904   266   141   125   171  -649   900  -598  -850   728  -325   773   126   468   561  -430  -862   158   792 
  787   284   774   170  -745  -935   894   677  -371  -319   -49   125   650  -857   971   344  -653  -769   426   734   266  -437  -996  -467   318  -650   222  -393    67   124   489    40   923   208   650  -620  -369   211  -776   507   798  -253  -208  -632     3   546  -130   -12  -576   399   599  -201   636  -368  -369   435   784  -398   806   319   760   852    81  -994 
