      6      23     -92     -17     -99      43      40     -66     -21     -56     -65     -63     -87      66      10      77 
     37     -64      88      29     -43     -98     -79      16     -44      88      -4      79     -38     -90      57      31 
    -62      82     -10     -53      50     -76      22     -28     -39     -15     -78      23       3     -40      43     -50 
     74      13      60     -81     -18     -91      12      67     -85     -82     -61      67      10     -30     -26     -96 
    -23      56      17      50      48      33     -65      69      96      20     -28     -10       0      10      71     -57 
     52     -64     -64      93      88     -57      72      -2      79      68      75     -26     -27      -8     -94     -37 
     52     -79     -68      87      -6     -37      -2      30       6     -43     -74      68      23      54     -50      85 
    -24      16      30      74      35      13     -56      -2      22     -84     -27      34      33     -15     -93     -91 
    -33      14     -58      92      81     -86     -29     -91     -28     -46      19     -50     -49      50     -57     -21 
    -78      -6       6     -16      61     -32      56      97     -81     -52      38       2       5      59      16      92 
    -81      87     -41     -11      66     -41     -83     -83     -70       2      68     -38      41     -52     -81     -73 
     35      70      53      83     -54      64     -10      49     -20     -19     -46     -31      72     -38      82     -16 
    -81     -41      17      63      59      79     -34      66     -15      81      82      93      76      96     -77      18 
    -33      78      -5     -38     -35     -13       8      62      15       6     -44     -35     -21      77     -99     -87 
     13     -28     -28    -100     -82     -43      29     -22     -28      12      13     -10     -78     -36      28     -28 
     77      24      29      16     -66      12      87     -97     -68     -86      49     -56     -65     -76      89     -81 
