  194    98  -843  -355  -333  -217  -907  -251  -699   163  -807    92   648   259   644   140   830  -240   894   136  -673  -294  -875    -1   165   449   937    26    -9   483   402  -227 
 -460  -197  -462   375    43   100  -678   535   582   495  -552  -283    91  -315   307  -911  -598   257   594  -770   240   981   183  -104    92   687   880    29   321  -854  -280   219 
 -518    39  -326  -160   280  -616   -99   -85   518  -532   459  -790   -74  -809   848  -258   -37  -644  -304   442   713  -951  -463  -594    64   461  -402  -710   275   413   502   537 
  402   126  -838   567   235   325  -922  -497  -985   915   -72  -607   166  -915  -959   -24  -383   150   -13   -71     2   800   663  -696    48   610  -427    91   125  -797  -775  -993 
  221  -502  -313   836   572  -113   993   120    24  -482  -450  -907  -347  -897  -404  -333  -106  -133  -481   472    12  -435   322   -74    37   238   167   891   599  -756   -37   976 
  800   821   280   633  -896  -789   479  -697  -427   683   338  -603  -947   157   719   213   334  -651   -79   794    20   369  -355   216   724   371  -397   643  -698   842    88    53 
  680  -178    83   594  -470  -397   207   828   384  -612  -703  -938   538   -26   789   909  -375  -265   907   380   586   121   359  -348  -602    39   551  -931  -819  -831   189  -115 
  215    47   306   767  -799   807   149  -573  -696  -258  -470    85   555   313   678  -261   569   535   600   611   243  -123  -362  -188  -681   559  -929   234  -531  -777   283   966 
  207   722  -757   613   684   512   731   692  -290   751  -816   359   -69   196  -588  -462  -486   732   434  -390   673  -800   244   807   643   317  -857   170  -398   822   197  -484 
  363   237   947   -24  -272  -294   199   558   139  -604  -489  -838   856   856   561   261  -665  -262   687   774   992   172   190   877  -327   258  -420   364  -533   447  -149   829 
  123   257   404  -881   -92   980  -139  -490  -485  -330   424   843  -969   500  -152   682   295  -464   112  -448  -433   455   737  -470   698  -287   568   421  -981  -507  -765  -370 
 -489  -343   662  -866  -356   159  -842  -252  -265  -447   205   270  -293  -935   352  -620   896   719   233   860   977   333  -957   269   -73   840  -836  -527   -87   865   573   635 
  645   820  -952  -716  -715   -69   216  -632  -467   500  -828   501   458  -150  -508  -627  -546  -739  -572  -409   601   814   807   287  -556  -752   929  -670   492  -797  -285  -508 
 -465  -637   -30   120  -632  -691   932   -35   -26  -473  -759   925   845   330   821   302  -862   693  -476   445   935   -45   758   615  -473   100   191  -743  -571   876   635   994 
 -905   413  -363  -479  -634  -874   418  -937   -70   -98  -117   947   306  -135  -829  -209   719  -366   292   404  -883   153   -82   248    17  -942   713   524  -459  -627  -245   281 
   15   381   538   405   390  -561   -42  -142  -439  -369  -630  -246  -746  -722  -430   678   689   755  -257  -683  -100   764   573   412   144    86   111   -11  -770   739  -188   259 
  -27  -104  -924   446  -583   555  -954   911  -246   474   776   615  -208   427  -585  -406   105   465  -776  -668  -443  -430   480   162   388  -378   280   815   227   543   874  -963 
 -397  -763  -982   859   725   508    21   588  -634   917  -903  -697   508   893  -111   556   413   483   262   305  -137   -96   212   569  -887  -874  -356   991   631  -701    17  -588 
 -361   554  -247   660   967  -376  -974   669   134   532   331  -913  -605    79  -453   116   619    75   791  -449   974  -266  -985   900   181   587   169   972   747  -149  -405   487 
 -624  -968  -273  -945   704  -310  -732   639  -972   -10  -759  -347   875  -552   258  -260   371  -304  -791  -741  -280   402  -188   572  -390   979   809   706  -937  -638  -648   524 
  549   200  -758   550  -884   719  -787   300  -635  -259  -758   837   816  -278  -899   412   556   242  -466  -161  -601   308   545  -863  -754  -963   -79   351   -87   196   639  -242 
  473   242   122  -111   682   740  -286   293   457   -90  -327   423   868  -131  -991  -348   -50   927  -519  -122  -360   844   557  -982  -364  -280   585  -551   500  -506   361  -551 
   23  -714   868  -263   412  -388   596   734  -501    89    -1  -386  -430   995  -126   762    12   815   653  -482   920   449  -144   767   944   452   754  -804  -131  -269  -995   955 
 -105   252  -706  -287   192  -776  -186   576  -361   -30  -247   108   552   376   694  -493  -288   428  -289  -745  -641   390  -793   640  -545    42     1   783   115   114  -294   386 
 -691   466   729   708   216   888   352   179  -575  -829   854   764  -921  -490   202   557   888  -807    12   921   426   172   799    -2    -8  -575  -773   666   629   740  -732    -7 
  629   595   122   753  -733  -959   842   958  -812  -114   988   -63   402  -827  -912   146  -407  -240   203  -200   822  -731  -629  -362   232  -583   208   -18   334   174   353   -87 
  492    81   750   319  -802   116  -549   165   845   890   297   135  -184   683   -94   343   611  -656  -898  -959  -152  -167  -405  -396    15   945   -66  -234   -87  -196   797    80 
 -894  -664   -23   806  -442   372   632  -824    71   256  -283  -988  -450  -286  -870  -703  -870   972  -762   -24    -1   742   738   -25   155   440   788  -787   562   909  -914   737 
  971   144  -334  -765   -19  -335   503   214  -867  -455   491   469  -228  -153   240  -184  -975   448   180  -860  -114  -302  -701    70  -296  -833   815  -769  -189  -623  -418   555 
 -876   -46   739  -183  -162   937  -483   999  -888  -838   939   675   695  -177   283  -997   392  -636   147   420  -815   -27   111   513   422   295  -863  -255  -950   196   445   665 
  125   144   830  -231   662  -481   985  -172   946   121   394   571  -622  -124   118   687  -659   772   260  -686  -224  -648  -615   650  -373  -836  -941   489   577  -710  -270  -151 
 -679  -890   664   -19  -399   381   431  -541  -702  -680  -237   353   -80  -552  -738    -9  -390  -699   760  -904  -782    60   361    62    13   360  -170  -326  -349   881   -72  -295 