   43   -24   -30     8    40    -2    35    27    42   -33    43   -28    11    13   -11    -5    41   -48   -13    10   -20   -38     8   -23   -23   -32   -46   -13   -24    -1    -2   -22   -43    -2   -37   -14   -44     5   -27    22     2    10    16    34     0    23    50    26   -45   -47   -16    24    40    18    34   -10   -31    17    19   -22    -8    10     2    40 
  -27    37     0     5    39    35    -9    10   -14    48    11   -15    23   -32   -21   -18    -5   -16     5     8   -29     3     7    38   -26   -35    30    50    -2   -37    30    50    11    -4     7    26   -29   -43     3   -44   -37    20     5    38    46   -16   -47   -23    30   -44    23   -37    47   -14    21    36   -35    11    26    24   -29   -42   -41   -11 
   48     8    31   -22     1    27    31   -17   -38   -46    32    -3   -14     7    17   -30   -39   -50   -16   -25    -8    12   -46    -4    38    21   -19     4    43   -13   -49    47   -43    28    49     0     0    30    -7   -34   -45    -9    14   -13    -6    -9    25    37   -36   -25    21   -19   -45    31   -18    -3     2    29    36   -41   -15    31   -46    15 
   42   -39   -31     8    20   -38   -48    42   -35   -50    36   -42   -31   -13   -27    32    42     2   -29    20    43    44   -19   -17     3    19     5   -10     8     1   -45    25   -30    29   -38     4   -40    26   -29    13    -3    19    30     5    12    47    25     9    -3   -28    -7    13     0     0     5    49   -12   -21   -20    35    24    27   -15    31 
   -1    -4     6   -41    11    -9    -4   -37   -50   -38     1   -11   -13   -12   -26   -49   -24    16    15   -43    25     8   -40    17    25   -24   -23   -23    28     5   -45    40   -39     4   -43   -43    25    22    47    -4    42    29   -45   -21    25    39    -9    44   -19   -21    35   -46   -48   -10     5   -39     7   -12    50   -32    23     9   -29   -22 
   -9    47   -14   -10    -1    -3   -44    -4    39   -15   -26     2   -11    23   -33    38    16     1   -29    -9    13     7     9    22    28    42     3   -44     2     7    41   -43    39   -47   -19    40   -11    37   -19     8   -20    39    -1   -10    41   -44   -39    37    -9    -8    42    21    13    48    49    -4    43     6    22     4     3   -30   -38   -33 
   20   -18   -23    23   -39    10   -47   -16   -37   -19    -1    44    18   -24     2   -23    12    29   -30   -43    48   -12    -6    46     1    25   -43   -42    42    -8    16    16   -43   -20    26   -21   -32    38    -1    25    15   -17   -39    16   -39   -15   -48   -15   -20    10    -4    47    31    13     7   -42   -18     1    12   -46    24    30    21   -22 
   30   -25   -42   -25    40    36   -50   -17    50    22   -19   -37   -24    48   -33     4    18    11   -34     4    -7    -2    11   -13   -45   -19    32    25    49    50    15   -14    31    -6    -1    -6   -45    12    35    18    34   -18    25    10     2    12    24    22   -32    -2   -24    15    28    37   -25   -27   -45    -9   -27    -1   -23   -17    40    22 
   45   -44   -34     4    10   -49   -33    27    13    -5    18    13    18   -32    14   -27   -35   -42    33   -22   -34   -47    17   -35     8   -26   -44    30    11    25   -29    -8   -36   -48    49   -22    19   -11   -34    37    39     9   -49   -47   -21    48   -45     2    32    35   -46    21    32    -6    42    12    34   -33   -35     1   -20    13    49   -24 
   49   -22    33   -49    17    -9   -16    44    -9    47   -16    48   -24    34   -35    38    33    40    48   -41   -35   -43    12    14   -28   -12    -1    35    50    13   -33     7    -3   -32    16   -27    33     7    17    31    11    45   -19    -8   -44   -34   -31     9   -50   -27     4    -3    34     5   -23   -40    23   -17    31   -18   -37    38   -48    22 
   -8   -49    24   -10    43    50     6    33   -10   -28    -9   -30   -27   -15    28    30    29     1   -11     7    37    28    41   -42    37   -46   -47    38    22   -16   -32    35    44    14    -7   -21    17    23    22   -46   -19    42   -11    48   -27   -39    26   -38   -30    31     5    25    10    26   -22     4    13     1    33    50   -30     9    50   -28 
   -4    -1   -11   -37    39    27    -1   -21    11     3    38   -32    27   -39   -13   -30    -4    -5   -18    32   -22    -3   -10    39     5    48    31    14    17    37     7   -41    -6    46   -50    30    39    37    15    25    23    -7   -24   -46   -25    47   -45   -33   -37   -19    -3     9    30    15   -39   -19   -11    21   -46   -26   -49   -41    11   -36 
  -16     6   -12    43   -42   -25     5   -20    43   -16   -49     8    25   -23    41   -42    -5   -29    12    11   -13   -18   -38   -45    -9   -47    30   -40    -1   -22   -32    36    -1   -46   -49   -28    -7     1    36   -26    18   -45   -34   -33    11    42   -24    -2    -3   -29   -19     8   -33    -4    49    22    26   -21   -39    23   -44    38    26   -45 
  -45    23   -10    49    13     3    32   -12   -38   -39    13     1   -41    37   -20   -11   -21   -38   -13    41   -19    32   -31    35     0   -32   -25   -27   -39     0   -23   -27   -20    43   -33    12     1    38   -20   -41    25    15   -46   -25    27   -10    16   -44    33    41    14    35   -10     4   -26   -45   -45    23     4    48    32    32   -16   -27 
   -2   -16    25    -3    25    31   -49    13    -4    48    -5    10    23    20    -6   -13   -21    18    46    26    45   -18    39    48    27     9    -8    27    11     7   -35    24    17    34    -1   -21    21   -10   -20    12   -44    49    31    26   -14    32    23    25   -38   -41   -16   -46   -46    49   -30   -15   -15   -23   -24    37    -3    17   -46    43 
   45   -47   -46   -28    -1   -43    40     6   -39   -19    10    -3   -20   -43     7   -19    43   -18    33    45   -33    -4    -6    30    17    17   -40   -33    -5   -25    26    10    12   -24    40     3    -2   -33   -34    -8   -33    28     9   -13   -14   -18    22    16    15    13   -32    35    11   -49    -2    -4    40    17    35   -20     9   -50   -17    -5 
  -19    37    14    23    40   -35   -10   -18     1    36    17    30    35    -4    22     1    22    31   -40   -19   -28    -8   -36   -12    29   -20   -40   -27    25    42     5    26    -3   -11    21    40     3     0    49   -22    45    13   -28    31    26     7    -3    38    23   -42     8   -37    28    24     1    45   -29   -27    39    50    -5     7    45     3 
  -22     8    32    -4     3   -25    32   -30    27    48   -10    48   -24    10    36    -9    38   -32     6    -9    14   -10    22    33    45     2    24   -21   -30   -31   -25   -33    45   -43    25   -33    46    31   -47    16    38    48   -47   -15    21   -34     3   -19    20   -48    45    29    48     8    48    25    35   -31    33   -18     0    29     6   -15 
   24    35    33    -6     4    34    49   -12    27    28   -46   -22   -14   -44    46    -6    -8    50   -24    50   -46    10   -22    -2    -3     8    29    49    18    28   -16     0    13    13   -41    43    43   -30   -33     4   -22   -42   -27    19    -7    40    -5    28    24   -26    10   -46    26    -6     8   -48   -21   -50   -18    35    34    27    27   -10 
  -10   -48    -7    12    36    11   -24   -47   -22    21    10    41    13   -29     1    23   -11    28    47    12     3   -22     3     2     9    39    23    -1    -7    30   -33   -30     1    29    35    16    15   -20    -5   -38   -20    -6   -44   -29    11    36    47    21     4    42    -8   -37    34    25     1    12    -6    31   -17   -42    13     0    -3    36 
   11    -1    19   -43    25    49    47   -39    14   -20    -1   -48     7   -41   -46    38   -24    -2    -1     3   -24   -14   -34   -14    35    12    18     7    46   -50   -48    34    50   -12    38    -9    12   -50   -46   -33   -33   -33    14   -38   -20    41    22   -20    36    11   -26    -5    -6    -9    37    32    30   -11    18    16   -25     0     6   -45 
   18   -28    39   -19    -7     0    41    43    19    29   -19   -29    -4   -47   -24    20    15   -24    25    17    23   -40    10   -27    44    40    38     9   -43   -28   -47   -18   -47   -40   -27   -48   -26    21     8    33   -25   -10   -25   -33    46    47    24    34   -27   -13     5   -31    29    -7    13    35    -4    25   -13   -22    -2    25    31    -1 
  -35    -7     1   -25    -7    14   -34   -10   -43    29    -1    31   -14    33   -10    15    -7    23    35    -6    41    42    49    15   -49   -45     5   -35    15   -45   -38    33   -32    33   -29    26    -8   -16   -22    22   -43    39   -17   -49   -44   -30   -17   -32   -48   -48     0    32    10    47   -30    -1    16    27    19     4   -16    46   -12     0 
  -18   -22   -15   -18    19   -11   -28    15    42   -18    15    12    28   -26     8   -14   -31   -13   -36   -23   -14   -36    -8     7   -12    13    41    47    18    50    46    28    33   -47   -27    44   -26   -44    19     3   -15   -17    42    18   -44     9    -8    42   -28     3    -7   -21   -28   -11    -3    48   -44    -8    12    34    42   -38   -10    27 
   22   -23   -26    50   -32     0    33   -13    -2    45    37   -40    18     9   -20   -13   -32     1    20    47   -48    42   -10   -36   -40    32   -14    25   -48   -40   -26    15   -17   -23     8   -43    39    19    46   -38    21    28    29    21   -32   -37   -21    -3   -43   -38   -30   -26    -4    37    28   -23   -28    26    -2    14    31   -14   -38   -48 
   22   -21   -25   -37    20   -20    37     8   -48   -20   -14   -40   -14   -19     7    -7   -45     2    33    46     6    20   -43    36    33    18    27    39   -31     3    16    35     5    40   -26    38    32   -10    34   -26    28    42    20    28    42    11    47   -20     7   -12    -2    38    25    35   -50    16   -35     1    -5    -4   -47    -1    38    -8 
  -36     7   -16    22    -2   -50    33   -33   -44    22   -11   -12    16   -29    10    25    17   -24    35    -6   -50   -22    24    11   -30    -1   -33    33    34   -16    -1    37    38   -43   -16   -50    46    25   -13    33   -25   -46   -25   -27   -20   -35   -40    -1    40    49     3    24    -6    43     3    42     1   -13    35    42   -36   -19    39    29 
   17    -9     3    17    43   -31   -14     6     9   -15    14   -18    19    -5   -26    -7     9     3    28   -41   -34     6   -10    28   -35    32   -42     3    -5   -12    38    14    -2   -23    36   -17    17   -38   -42     8    50    12    26   -14    22    28   -10   -10   -37    28   -31   -49    48   -15    50    37    -1    12   -25    43    45    10   -41   -41 
   40   -47   -41   -13   -21    10    20    32    13    -8   -17    -6   -15    18    33     9    41    41   -32    30    28     5   -32   -42    -6   -25   -12     2    38   -33     1    50    41   -25   -31    38    25   -39    45    32     5    30   -13    29   -14    -8     3   -22    38   -26    26   -10   -45   -33    19   -44   -39    16    13     4   -46   -46    50    49 
  -18   -40   -34    20     1    18   -27    -3   -16   -31     0   -16    32    38    30    35    15   -23    11     1    30    -6   -40    -7    29    23   -43    11    28    47   -48     1     1    11   -32    27    18   -39    27    -9   -25   -14    13    46     2   -18     3    45    49   -42     2    -1   -41     5   -14    46    17   -43   -25   -19    36    30    40    42 
   45   -48    47    50    -9   -45   -36    17   -31   -47     0   -27    -1    34    26    -2    40   -34   -18    -2     6     0    33   -45    35   -37   -15   -40    34    24   -23    -4    41   -43    -4    -9   -14   -41   -14    -5    12   -36    38   -10    35   -34    44    27   -27     9    15    13   -27   -13    19    -3    -7    13   -31     4   -25    25    36   -33 
  -24    17   -32   -17   -22    17   -19     5     7    48     2    19   -28   -23    -1     7    -2    29    31   -30     5   -50   -13    -1   -29   -24   -14   -24    -8    17    26    -7   -38    -4   -15    -8   -25    49   -50    50    -4   -24   -24    43   -30   -26    11    22   -13   -22    35    22   -44   -45     6    35    11   -19   -20    18    36    26   -26     6 
  -42   -13    25     0   -39   -32    28   -15   -19    33    28   -30   -40    18     9    16    15    16    42   -33     0   -43   -10   -20    -1   -45    32    18    10   -25   -28    18    35   -28    14     2   -13    44    39    23    40   -50    47    34   -18   -29   -30   -32    22    29   -16   -23   -14    49    17   -42    33    14   -35    19   -22   -15   -49   -18 
   38    18     8   -38    42    11    -8    45    -2    14   -40    28   -30   -20    11    46    25   -41    36    10    42    35   -12    11   -38     5    45    18   -23     2   -30    -4     6   -27    40    26   -12     3   -49   -19    16   -33    17    35   -12    -7    48   -39   -17    22   -12   -22    10   -14    29    13    39    30    50   -21   -15    32   -50    45 
   18    32    38    49    20    19    25    11    -9   -44   -18    48    30    12    15    22   -15    -5   -25   -26    13    47    46   -40    -7    46   -26    25    32    26   -27    12     5   -49    25     6    23   -12   -15    27    24    23    -9    16   -47     9   -33    37   -37   -17    -1   -10   -37    16   -20    -1    32    -5   -18    11    17     6    12    37 
   31   -13   -15   -14   -40   -23     5    -9   -49    -4   -11     3   -13   -47    40   -35   -35     0    12    17    30   -13   -34    19   -40    11     8     3   -48    14    26    22   -35    12   -39    -5   -28   -43    25   -30   -19    25   -41    40   -32     8    22    14   -34    39   -29   -11    43    -6    15   -41   -21     4    10    41   -43    25    27   -43 
  -43    41    32    33    16   -44    10    -3    48   -19   -38   -24    12    -4    41   -14   -42   -20    28    10   -11    20    -8   -44    33    41    33   -27    42   -48   -39    35    45   -28   -36   -45    21   -39    36   -32     0     8    11    35    26    -8   -37   -39     1    25    26   -30   -11   -22    -7    29   -35    -2   -10   -48     4    29    50    34 
   11   -31    39    39    -1   -42   -25    37   -38    27   -47   -23    47   -35    14     4    16    27   -24   -17    50   -45   -27    22    48   -18     7   -47    16   -49   -38    12    10   -18    44     6    36   -31   -11   -39    39   -13   -32    44    -3   -27     8    -6    44   -25   -47   -41    15    20   -20     6    46    28    -8   -23     6   -46   -22   -14 
   38    41    44   -27   -47   -29     8   -21    32   -45   -45    39   -37   -34    28     4    45    -6   -33   -50   -44   -45    26    10   -28    -3   -25    30    28    20   -16   -30    39    44    -2    28    30    41   -19    46   -17    -9    49     5    37     1    -4    50    13    47    48   -10   -30    15    35   -35   -49     4    44    27    21   -30   -41   -41 
   18    -4    44    17    13   -11    31    14    32   -43    -6    48    48    12    -8   -21   -38   -25     4   -14     7   -18    23   -26    -9   -10   -49   -36    29   -23   -36    29    -5    50    20   -31   -10   -13   -45    11   -43    49    34   -18    39   -27     8    -5    22    37    -8   -48   -31    44    27    33    49     0   -30    24   -15     8    18   -49 
  -26    33    17    -3    43    43     9    11   -22    38   -49    12    23   -50    16   -15    25    38    -2   -34    48    19    23    28   -26    44   -23   -31   -41   -13    10    37   -31    24    41   -23   -12    -9   -50   -29   -26    44   -32    49    19   -21   -16   -42   -39   -32    26   -40   -47    -1    -8    25   -44    26     0   -29    -2    33   -25    39 
  -16     9     0    43     6   -22    17   -26    19   -32    23   -23   -15    38    17     0   -32    38    -2   -11    37    -6    20   -30   -32   -43    35    34    24    39   -23   -49    22   -42   -37   -19   -10    22   -29   -30    -5    29    12    -8   -22   -28   -44   -14     4     1    12   -33   -21   -20   -29   -12    44   -45   -49   -38    24   -15    17    49 
  -50    33   -46   -18    40    50    -4    32    11   -12    17   -39    29   -34   -25   -44    47    12    12   -29    -2   -22   -36    48   -20   -11   -19     6   -22    50     2    42    18    49   -17     8   -12     3   -19   -34    27   -16   -24     8    35    -1   -17    34   -30    28   -48    -2    38   -14     4   -43     9   -38   -36    39     4   -35   -14    23 
   30   -18   -45    30   -41    19   -40     6   -46    49    21   -45    19    -8    22   -28    16    -3     8   -32    37   -50    43    29    -9   -20   -48    29    -7    30   -30   -45    31    17    24    23    -3    50   -48   -11   -18    -9   -33    19    20     2    11   -15   -16    19    27    23    50   -11    28    26    -7   -49    26     6   -22    34     3     9 
  -30   -11   -10     8    -9    34    12    12     6   -12    -1    32    38    24     1    41   -43     2    12   -48    -9   -28    21   -50   -47    20   -19    39    45     0    33   -40    31   -47   -34    43     7   -28    26   -49    -2    46   -35   -24    -6   -18    33   -22    30   -22    37   -32    -7   -25   -34    30   -31    -7    -7   -32   -41    10    47     6 
  -17   -26    48    26   -17    50   -15   -40    36   -43    -6    47   -35    33   -31     7    24    13    14   -41    50   -36   -46   -40    22   -11    38   -32    11   -42   -18     8    11    -4    37     5    41    18   -22   -30     1   -19    17    21    11    17   -41    50   -18   -24    19   -14   -33   -22   -26     1    -9    -9    40     5    23    49   -46    -8 
   26    33   -46    13    -9   -32    50    30     2    24   -46    23    10    31   -26    26   -39    20    37   -35   -47   -21    24   -24     8    49    21   -24    16    44     9    11     7    28   -50    26    23   -50   -18   -19   -48    27    34   -28    39   -22    17    35   -43   -18    29    -6   -43   -28   -43    19    47     9     7    39   -24    40    47   -25 
   35    28    30   -46   -50    34    27    47   -39   -25   -27    18    33    30    22   -41    45    13    44    10    -8    26   -42    21   -36    17   -33    12    21     8   -47   -13   -25   -22     9   -18    39   -28   -32   -27    44    48    17    12    23    50   -12   -47    30    34   -12   -24   -13    -4    42   -12   -48    21   -33   -10   -47    15   -35   -41 
  -13   -45    48    42   -34   -50   -11    46    29    -8    16    32   -25    26     1   -21    34   -35    24    34    18    -4     7   -33    49     6    31   -22    13    28   -35    35    21     8    -3     8    -7    -1   -31   -20    35    49    13   -48    36    50    44    13   -50   -50   -20   -50     5   -26    32    -1     4    43     3    16   -37    35   -40    47 
   -7   -14    -5    11     1    45   -31     8   -36   -35   -23   -20   -31   -35   -19   -19    17   -22   -28    27    48    -9    -6   -50   -35    50    45    40    -2    41    -6    20   -19     3   -22   -17   -47   -20   -41   -45    -9    42    -6   -13    48    32    12   -50    40   -38    17    44   -41   -10    -2    18    -7    39    28    19    37    27   -38    42 
  -24   -25   -49    11    38    33    36   -46    22   -13    13    32    39     2    39   -24    40   -16   -34   -35    50   -42   -30   -42    19   -36   -44   -23   -25    -5   -12     9   -19   -32    -8     9    11     7    37   -11   -30    15   -19   -30     7   -12   -41   -32    25     9   -27    35   -13    19   -49    14   -38    10    12    44   -19    35    45   -22 
    7     6    16   -27   -22    -5   -20    23    45    -3   -30     2    16    50    13   -30    39    36    20    29    20     3   -28   -34   -42   -49    23    38    15   -49     4   -22    41    28     4   -50     4   -48    39     4   -25   -35   -15     0    -6   -44   -50    14    43   -50     2    19   -30   -10   -41    38   -17    -2    22     3    33    14   -12   -31 
   16    -7    21   -34    44     0   -46     1    23   -35   -29   -18    36   -36   -32    26    10    44    38    -5    -4   -31    23   -12    15     4    15    11   -41    -7    -7     6   -22    13     8   -22     0    -1    38    19    12   -47    -5    43   -46     3     3   -40   -47   -40    49     0     7   -39    43   -11    -4   -21   -42     2   -18    40    16    40 
  -37   -40   -31    39     3   -36   -16    11    15    44     2    29     0   -26   -47   -19    50    42   -32    15    39    26    41    36    34   -21   -47     9   -42   -24   -35    33    29    47    11    11   -37    33   -20    35    50   -28    44    39   -37   -28    -2   -13    17    26   -19    49   -27    13   -22   -17    45    35    27    20   -16   -39    33    23 
   -3    50    -5    19    24    27    21   -25   -15   -33    42    -9     7   -42    -8   -50   -31     6   -30   -48    45   -23    17   -37    14     4   -46   -15   -31   -27   -38   -44    33     9   -39   -14     1   -32    26   -11    48   -17    30    -9    10   -31   -33   -24   -35   -16    40   -20    28   -19   -13    30    -6   -23   -28   -28    -6    37    29   -38 
   46     3     3   -33    35     5   -17    18    33    11   -45    39     1    26   -32    13    12    37     3    27    44   -12     0    23   -18    14   -14    32     3    43     8     0    -5   -42    17    23   -31    16   -11   -30   -13     1   -42    -3   -15   -43    26   -29   -17    34    -9    -1     0   -22   -48    22    -5   -39   -35    -8    -7     8    22   -34 
   18   -47   -35    20   -23   -25    20   -49    26    41    13   -47   -11    35   -21   -37   -20    39    27    10    -2    45    38    26   -22    -7    39    49   -16   -49    46    31    12   -29    48    39     1    36   -10   -22    39    48     2    32   -37    -6   -50   -38    37   -14     2    33   -40   -31   -37   -22    49    30     8   -33   -48    22    14     0 
   -7    23     5   -35    22   -34   -46   -34   -31   -32   -19    17    10    39   -28    20   -24    40   -24    16   -14   -14    22   -20    40   -41     6   -20     8   -50    12     4     6    33    49    43    40   -46    -8     8     1    47    -6   -30   -41    15   -22    27   -18   -23    19    30    45    -5    49    -6     8     9    36   -23   -33    -8     7   -12 
   -2    34   -50   -48   -45    49    21   -11    24   -14    46   -12   -43    23    24   -46   -47    32    27   -31    47   -17   -39   -11   -14   -31   -43    34    39    -8     2    16     6   -17     1    25    17    48    50    49    16    25     0   -26   -35    25    35   -48   -14    16   -38    12   -30   -43    47   -32   -46   -28   -48   -22   -43     8    20    22 
   -4    26    30    11    17    -8    13    37   -31    37   -21   -32    22    -2    13    18   -11    34   -15   -19    23   -17     7    50   -39   -41    17    15    32    38   -43     7    40   -50   -37    35    23    35    11    31   -41    46   -36   -23     9   -21     6    35   -16   -19   -45   -35   -31   -12    44     3   -35   -17     3   -33     8    -4    50   -10 
    9   -41    12   -18   -40    16    38    48    25    37    39   -37   -44     8    -6    23    31    49    15    18   -12    15    -4   -15    24   -24    10    37    20   -15     9    15   -44    33    -8    41   -27     0    -6    21     9    19   -28     8    13    44    47    -1    -9   -37    28    -9   -17   -45   -50    31   -45   -11    22    -4    17    35    15    34 
   21    21    -6   -33     3     7    -2    50   -22    16   -14    13   -14    49   -16    11    40   -14   -10   -14     2   -11    10    -2   -20    16    42    15    37     6    -2   -24     0    27   -16    14   -29   -46    13    24    35    50   -22     7     0    32    -9   -34    18    46   -11    48   -23     8    32    46   -49    -1   -10   -39   -33     7   -10   -37 
  -20     7    35    13    14    -2   -45    21    32   -25    46     0    13   -43    32   -26    -7    11   -24     9    -3   -49    28    -3   -27   -30   -18   -50    35    26    19   -37    34     4    22     3   -18   -25     0    39   -43   -21     3    39    16    47    43   -23   -30    29   -48    40    50   -30    33    -1    -5   -45   -35    -4   -25   -18   -21     9 
   28    23    45    26   -20    28    11   -15    48   -17   -50   -42    36    -3    -3     9    45   -38   -15   -33    41    44    20   -37   -50    21     8    40     1    -5    28     2     1    47    26    43   -46   -29    14    48    -1   -50   -24     0   -18   -26   -19    -4   -45   -38    23   -43     2    17     6   -43     0    33    24    24    21    45   -26     2