  830   845   139    -2  -276  -929  -691  -959   376  -819  -505   276   504   198    89  -159  -855   980  -692   931   -18   603  -673   699  -600   716  -237   395   275   722  -660   630    37   143  -487  -261  -732   452  -993   113  -899  -608  -418   808   957   911   379  -408   168   568   214  -616  -877   944  -997   719   923   534  -910  -891  -284  -111  -769   948 
  880  -911   746   396   838  -112  -538    28   429   202    44  -647  -671  -261  -395  -874   -82  -842   801  -377   590   272  -282  -997  -253  -490  -467   957   495  -978   934    84   856  -848  -138   418  -824   377   113   573  -570   266   791  -951  -619   161   273   585  -217   611   419   596   -32  -868  -677   374  -219   517   -23   -96   735  -668   424  -184 
   63  -159   613    75    93    -7  -106  -933   860  -260  -683   464  -684  -945  -381   -75  -926   289   991   310   443   840  -428  -567   121   847   947   631   805   575   -70   550   799   223  -590  -590   -25  -710   -84   -17   275   549  -766   975   -60   612   238  -851   171  -353   332  -172   270   589   661  -830   957  -367  -377    51   396  -792   -43  -496 
  896   900   -22  -704  -681  -766  -425  -182  -652   816   194   910  -509   642   385  -893  -908   171  -834  -382  -514  -978   871  -889  -307   498   245   454   965   145    81  -622  -610   556   287   -57    92  -814  -560  -901  -130   785  -901  -112  -451   631  -772   339    -8   886   258   112    62   310   -34  -690  -843    -5   -59   261   257   867   526   893 
  154  -608   782  -750  -551  -240   566  -732   795  -872   296   975   -93   -42  -653   956   664   394   694  -160  -890   200   117  -828   984  -710    46   -27  -160   113  -701  -674   419  -376  -626     0   242  -787   314  -265   443   667   255   714  -289  -839  -206  -692   311  -730  -975   879   135   371    20   698   532  -440   583  -835   -87   809  -156  -621 
 -954   332   253   -66   270   545   926   606  -588  -960  -270   288  -206   700  -428   929   794   -69  -156   258  -940   392   651   952  -121  -644   615   155  -663  -809  -804    76  -700   884   203   126  -877  -654    77   309   236   290    77   890  -509  -237   970  -184  -772  -287  -967   909   931  -550  -620  -248   825   431   687  -299    87  -855   547   202 
  314   414   893   806  -438   973   838   697   889   825  -207  -472  -661   556   496   273   733  -545   959   214  -746   769   507   -88  -188  -710  -103  -125  -120   675  -387  -396   661   658   253   845   759   753   902   975   270  -735  -111   402  -128   819   286   828  -313    49     4  -141   339   524   541   230  -678  -307   765  -516     2   652   201   791 
  461  -817  -725   948  -232  -294   544   307  -560   411   934  -723  -101  -361   598   924  -890  -338  -838  -991   974   377  -425  -902   -35  -476   681  -108   635  -645   414  -276  -411  -531  -665  -199   582  -674  -339   621  -699   607  -357   -47  -930  -358   773  -515   426  -559   271  -597   132  -291  -803  -908  -100   245     2  -310  -909  -385  -971 -1000 
  -14  -293   581  -304   415  -455   891   517   826   115  -674  -153   274   325   197  -214   623   920   746   945  -615   153  -744   995   634   -87  -876  -823  -266  -567  -535   236   557  -287  -800   741  -184   467   338  -624  -449   333  -451   135  -396   226   958   727   745   844   533  -938    60   797   248   248  -909   615  -101  -960   -99  -313  -615   929 
 -859  -651   202   964  -139    83  -602  -666    65   271   637  -990    39  -558   772    42  -308  -556  -480  -230  -964   281   394  -859  -426   608   431  -670   692   364  -164   316   863  -683   862  -498   649  -871   240  -897  -513   859   156   593  -329  -985   236  -261  -976  -433   263  -641   -41   531  -669  -123    67  -870  -393  -275   212   533  -753   200 
  -70  -914   134  -868  -316   245   779  -162   759  -973   785  -238  -599  -991  -130  -111   821  -628  -818  -441   -38  -268  -897   977  -324   929  -691   606  -228  -956  -806  -742   969   701  -734   889  -965   420   932   335    97   179  -802   562   748   346  -576   307   111   849  -756  -477  -588   301   360   909   890  -879   688   893  -265  -187  -759  -799 
  325  -847  -148   932   660   306  -597   244   -19  -814  -139   295   519   123   600  -819   972   424  -217  -974  -265   967  -853   992  -729   631   376   790   -17   993  -343   816   667   954   825   958  -216  -178   302  -399  -977   459  -344   407   230  -396   656   -39   458   168   581  -704   233  -985   887   183  -455  -375  -578  -946   665   612   325  -909 
  -97  -558   -71  -274   500   401  -781    64   902  -327   714   -65  -137  -470   380   -25   -81  -577    -9  -354  -289  -718  -618   -68  -158  -734  -894   545  -738  -938  -711   159  -307   346   190    49  -505  -111   868  -439  -539   831  -385   898   680   676    -5   524  -898    52   411   897   523    24  -697   100  -883  -143    29  -172    -9   391  -168  -331 
  852  -554  -820   889  -449  -575   135  -717   906  -863   540  -409  -345   952   783   862   199  -102   138  -896  -123    53   122   966  -885   373  -822   -50   477  -804  -493   318   408   643  -494   476   868  -105  -718  -762  -551   906   207  -839  -154   480  -999    42   398  -992   550   455  -136  -539   500  -932  -236  -835  -910   868  -409   304   771  -821 
 -925   390  -461   547  -690    63   668   415   230    81   353   120  -541   -71   857   458  -840   278  -580  -988   946  -313  -804   873  -726    63   468   968  -915  -292   446   516   456  -150     3   187   223   710   417  -777  -996   596   521   617  -278   692   -65  -683  -120  -637   991   306  -167  -502   876  -225  -673   578   932   278  -611   877  -829  -700 
  159  -729   616  -755  -680    -8   -45   255  -515    12  -285   800  -589   303   738   100  -138   674  -900   477   672   747    49  -132   824  -513    68   213  -806   332   604   869   760   488  -170   440   128  -755  -739   819  -988  -807   277  -204   -42   767  -849  -462   -76  -979  -855  -306    44  -158   445   403   714  -351  -437  -698  -459   418  -789    77 
  936  -903   204  -925  -542    96   714   764   547  -711   482   902  -742  -784  -665   686   292   342   125  -295   193   452  -495   -48  -624   241  -850   373    -1  -891   363   796  -405  -785   566  -186    -4  -954   700  -690  -699   390  -351  -674   764  -672   757    28  -684  -808   178   188  -622   820   761  -815  -514  -312  -344  -865   876   187  -313  -290 
  715   712   415  -349   897  -809     4   417  -638   476   -65  -959  -443   373   954   170   912  -897   422   363   298  -552   -40  -473   756  -835   552  -760  -239   317  -258  -377   893  -365   643  -198  -719  -855   665  -884   881  -684   581   496  -506   617   718   913   874  -220  -759  -804  -397  -912  -592   775   813  -224   938   667  -830   514   677  -887 
 -511  -364    42  -277   752   420   624  -217  -258   255  -993   560  -591   740    73   -13   169  -693   522  -330   572   353   850  -723   183   788  -204  -567  -356   515  -523   570   229   158  -527  -959  -715   619   247  -637  -238   996  -776   439  -574  -271  -657   707  -133   411  -375   401   -45    55  -525  -806  -958   811   733    59   488   265   538  -731 
  393  -194   -50   258  -942  -528   445   -71  -314   391  -923  -664   903   225  -307   124   154  -911   896  -856  -295  -163  -719   729   411  -607  -165  -738   698   464  -667    55   614   969  -795  -543  -833  -842  -330   234  -956  -472  -134   785   907  -697  -999  -840   653  -768   410  -184  -496  -144  -602  -322   137  -610  -388  -509   321  -845  -466    84 
  326  -663  -285   701  -304   248   494  -929   254   864   938   618   502  -878   931  -185  -115  -764   311    71  -555  -470   602  -375   685   903  -152  -423   959   704  -845   212   -68   494  -581  -166   303  -489   987   115   -54   827   560  -214  -525  -547  -787  -124  -115    29  -734  -503   378   720   329   743   459   343  -654   306  -647  -513   152  -541 
  404   694  -870  -931   180  -705   195   420  -611   720   184   -28   891  -293   939   249  -304  -390  -619  -873  -648  -494   501   842   134   812  -160   437    38  -724  -554  -231   423  -917  -512  -387  -947  -202   349   342  -633  -928  -658  -499   542    47   424  -342  -900   517   158  -624   969   216    66   338  -682   769   485   182   121    -5  -628  -821 
 -556  -583   162   512   277  -266  -466  -657  -264   157   -65   834  -101   480  -360  -151   717   817  -901    -6   362   846   586  -584  -857   861   757   820    20   188   657  -642  -758   557   985  -443  -580  -981  -728   529   281   -87   362  -240  -249  -656  -891  -724  -169  -270  -304   710   761   397  -318   464  -292  -564  -703  -515   301  -730   779   619 
  674   809  -990  -576  -544   212   145  -856    60  -707   -51   717   599  -324  -271  -898   155   480  -344   254   835  -964    14   175   358  -824   617  -931   602   765  -559  -685   946   677  -153   237  -891    13   873   -95   441  -362     7  -922  -751   787   985  -234   170  -604  -624   148  -614  -516  -640   316  -788   206    77   625   638  -321   249   452 
 -922  -530   630  -850  -219  -283   842  -217   965   912  -766  -631  -201   644   962   872    16  -854  -594  -368  -813   913  -197   -48  -618  -583   -22   319  -631  -113  -802   -17  -276   -23   372   301  -951  -896    14   -80  -489   432  -914  -319  -977   580  -576  -220  -884   337   762  -794    28  -438  -622   318   412   993  -706  -368  -666  -854   562   276 
  754  -624   815   460   159   637   686  -163  -431  -302   -46   773   -40  -672   375  -863  -920   581   386  -631   -95   974  -272  -362  -394  -293   276   -66  -337   836   184  -105  -114  -911  -382   758   784   884  -390   319   379   678  -719  -883  -867  -410   217   665    77   323    89  -409  -827   361  -416    86   319  -746  -351  -558  -337   938   906  -185 
 -755  -306   383    59  -167   344  -487   756  -633   948    19   296  -645  -792    13   588  -531  -715   -61  -120   615  -600  -586   -10  -442  -531  -651  -216   541   122  -222  -839  -172   478  -361  -496  -206   441   428   952  -892   -43  -439   656  -200   767   469  -455   -48   747   752   -55  -882  -955  -747  -480   182  -377  -161  -833   455  -864  -816   -33 
 -239   596  -988  -956    84    19  -585   834   636  -360  -993  -247   903  -436  -407  -305   860   309   844  -474   632  -351   719   804    98  -616   587  -306  -463  -507  -641   431   439  -206   867   176   149  -642   -54  -248   100  -998  -634   372   537   781  -185    10  -812  -738   416  -437   718  -660   625   744  -231  -513   575  -598  -496    97   -72  -494 
 -514   125  -907   -88     1  -374  -385  -113   -17   518  -883  -265   -30   432  -157   525  -385   997    75   359  -996   489  -182  -158   922  -800  -550  -890  -713   656  -134    68   662  -974  -232  -255   951    65  -163   997   584  -683  -761   918   862  -616  -598   479   646  -361  -236  -634  -104   926   142  -575   -40   428    48    52  -317   944   289  -618 
  995    46  -144  -738   337   197  -448  -635   303   239  -745   972   562  -621   645  -540  -643  -987   266    27  -466  -160   527  -515  -402  -434   -98  -495  -851  -586  -427  -292   521   289  -612   789   312  -684   -86   485  -364  -930    13  -206  -758   420   261   -54   296   537  -939   608   529  -202  -459  -808  -781   -15   973   549   685   338   906   400 
 -422  -278  -501  -317  -525    94   876  -460   819  -239  -357   759   861   270  -250  -195  -387   -57   143  -390   625   422   716  -886   486  -654  -158  -629   731  -103  -887  -689  -447   -13  -507   168   288   975  -903  -357  -328  -630  -369  -976   970   486   -29  -655  -800    73  -584   586  -993  -593  -359  -112   561   446   532   -32  -272  -647  -679  -281 
 -546  -119  -287   143  -469   172   580  -296  -880   266  -370   784     3  -240   952   437  -269  -881   -10   534   630   622   113   602   149   860   618   -44   603  -811   839  -495   366    83   710  -451  -458   554  -790  -684  -466   843    70   289   302   315  -984   123   402   938   956  -666  -455   681   636  -113  -855    85  -742   940  -919   209  -412   914 
 -975  -707   424   418   309   373  -324   897  -247   -95    22  -510  -210  -797  -819  -411   764  -919   201     4  -654  -923  -682   409   785  -493  -935   234  -993   920   624  -402  -166  -559  -807   308  -693   842  -869   248   -84  -931   619   932   319   728   166   750  -915    99  -296   722   477  -344   841  -673   170   797   870   593    98   950  -759   -57 
 -477   192   996   989    14  -367   -73  -350   168   309  -772  -295  -819   -66   130   598   319   -54  -440   468   929   -52   -63  -398  -975   841    31   430  -862  -888   500   791   646  -778  -835     2   919  -193  -142   930   464  -496  -657   -75   930  -413   125  -468  -959   998   331  -347  -273  -345   739    95   216   698   529   966   982   305  -451  -607 
 -573  -332   992   979  -400  -393  -742   171   -42    85  -456   987  -213  -157   220    41  -386   235   192  -824   619   632  -815   410   647  -445   -86  -752  -862   524  -606  -805   351   155  -816   651  -610  -746  -789  -949   204   253  -205  -890   734   414   690   156   785  -160   578   512  -543   677   762  -237  -372   509   605  -483  -601   423  -459   711 
  329  -593  -756  -919  -482   412  -298  -281   373   946   101   -61  -372  -858   908  -956  -265  -574   290  -358  -275  -220   499  -998   811  -512   -65  -932  -184  -726   615  -639  -241  -214   409   -70  -547    14  -249   526   400   868  -777    71  -188   600  -825  -945   228  -562    28   515   370  -565  -285   358   958  -499  -518   324   329  -333   786   164 
 -625  -462   121  -612    -9   347  -874  -570  -772  -269   -97   480   455   577   -64  -859   885    22   670  -510  -816   706  -255  -428  -509  -221   -53  -900   836   133   395   549  -661  -787   -74   162   449   277  -857   874   435  -984  -874   158  -141   930   546   410    86   569  -197   493  -460  -154  -263  -789   639   193    31  -300  -690  -409  -456   635 
 -800   341   221  -524   743   449   637  -321  -151   790   580  -930  -830   487   672   715   231   400   683  -816     9    92   245   402  -234   119   747  -279   695  -481   584   -15  -480   554   110  -720   437   102   219   179   322  -466   718   541   808   193   -21  -613  -386   266  -942  -156  -959  -629  -778   861  -326  -453    -1  -646   399   289   533  -676 
 -963   761   291  -938  -226  -130  -458   571   297  -449   885  -494  -751  -125  -403   684   204  -887  -230  -861   105  -809    65  -778   187  -718  -913   632  -241   -58   186  -291  -522  -815   303   558   116   412  -406   986   768  -266  -845   719   226  -734  -509   905  -729   434   192   617  -566  -836   178   860  -292  -583   194  -118   720  -771   334  -523 
 -322  -444  -407    36  -514  -976  -432   894  -157  -945    54  -813  -852  -683  -778   375   235  -294  -112  -362  -569   -69  -327  -387  -748  -171  -500   384  -165   909   823   -46   987  -730  -170   778   332    -4    52  -934   803   491   572    37   111    31    59  -831  -622   561   790    92  -181  -106   505  -641   299   357 -1000   211  -276   729   242   780 
 -206  -988  -981   826  -712   198   731  -172   517  -244   211  -199  -355   910  -895   -32  -668    96   487   798    67  -934   -68   352   391  -540   224   754  -179   815   864  -209  -223   597   401   907  -776  -121   973  -243    32  -978   721  -686  -153    65   523  -766  -589  -836   789   257   299   -77  -102   889   246  -559   256   537  -979  -357   759    50 
   60   194   459  -889    14  -753   292  -557   776   841  -535  -986     9   147   743  -527  -128  -600  -158   510   -20   354  -195   -13   823    40   -75   142    81  -860   -12   964   958  -963  -180  -830  -301  -298  -558  -685  -390  -360   774   159  -834   339  -557  -932  -367  -800  -541   196  -832  -129   847  -638   855   -73   126   463   876  -662  -678   723 
  326   809   732   907   778  -902   334   943  -438  -996   170   257   805   788  -251   810   125   177   466  -135   614   500   115   413  -952   587  -602   845   -62  -916   113   896   669  -663    61  -911  -658  -276  -818  -938  -340   592   119  -559   833   463   610  -736    -8  -714   921  -806  -445  -159  -559   592   605   633   821   331  -242  -742   487   820 
  954   897  -800  -762  -286  -646   286   -37   331   979  -790  -233  -684  -570   530  -719   400   357   651  -336    95   497   684   924   748  -918    55   187   494  -200   378   413   122   476   991  -279   331   -87   611   222   526   690   430  -386   522  -945  -241    26  -452  -645  -358   236  -159  -593   339  -575   905   582   894   607    -7   -48    41   838 
  173   455   622   321     5   101   207  -540  -748  -368  -975  -391  -263  -866  -994   -86   254  -782  -974   267  -419   385  -654   404   275   332   768  -311  -106   580   259   109  -500   484  -577   861  -301  -592   -10  -616  -455   747  -654  -995   493   311   211  -247  -620  -165  -155  -723  -586   480  -453  -571  -840  -275  -201   654   560   -79   590  -401 
 -543   209   751     4  -556   792   228  -247   557  -679   -84   770  -586   350  -546  -402   629   566    40    12  -633   288    14   171  -799  -295   459   527  -177  -767  -350   766   716   543   497   903  -324   549   114   226  -178  -240  -635   754   824  -304   -26  -429   972  -248   972   428  -192  -755   -71   347   -26   531  -314   436  -910   980  -135   672 
  244   781  -257   490  -482  -214  -554  -760  -183  -212  -567  -858  -511   439   869  -451   157   500   700   933  -133   266   894   467    97   484  -843  -889   280   614   592  -593   275   727   948  -782  -861  -536  -907   847   -54  -318  -944  -817  -958   411  -681  -988  -490    30   -30  -830    -7   306     7   625  -457  -713   178   949   728  -688  -863    11 
 -734  -248  -754   315  -520  -183   559  -674   123  -597  -135   553   369  -752  -560   123  -620    65  -305  -261  -693   959   591  -598   438    99   409   202  -550   444  -889   573   924   -60   617  -547  -204   286  -505  -251  -496  -857  -631  -772   654    52  -314  -238   -97   539  -752  -797  -300   295   149   750   630   924  -521   -11  -601   -93  -240   764 
 -102    56  -102  -572  -377  -383  -233  -884   328   412   404   902    22   699   267   542  -918  -132   771   855  -911   -56  -391  -355   590  -532    46  -687   325   -72   700   340  -223   -31   -22  -111    44   707  -728  -703  -452   823  -989   849   920   850  -993  -691   984  -874  -371   995   800   902   881   961     2  -686   590  -217  -647   958   220  -146 
 -646  -693  -713  -101  -759  -955  -424   166   476  -637  -502   972  -878  -930  -884  -754   729   283   440   245   591    45  -500  -564  -538   -21  -218  -815   426   670   662  -449  -195   -88   448   837   655     3   -62  -202   805   636  -333  -475  -987   231  -483   755   752   769  -234   775   278  -932  -968     8   126   445   752  -232  -729  -728  -883  -494 
  -89   647   698   706   157  -557   325   186   998  -390   618   174   441   -89  -888   929   373   450  -115   867  -643  -327   711   382   514   285   -47   402  -634   247  -400  -680   970   112  -904  -761  -634  -227   478   -67   708   617    -5   487  -947   873  -163   309  -537  -251   892   805   686  -225  -602  -103  -275   950   133    22  -827   -49  -937   587 
 -159   920   970  -125  -973  -930  -773  -349  -776  -838   896  -282  -991   341  -791  -253  -398  -934  -459   151   718   730   -43  -367  -916   587  -864  -380   407   759  -703  -914    40  -150  -663  -356    86  -433  -281  -188  -176  -136  -230   458   715  -578  -529   576  -978   350   978   166  -387  -723   444    57  -872  -326  -863   959  -778  -998   112  -293 
 -316   577  -501  -807  -292  -341    30  -574  -908   638   526   834   893   879  -347  -621   398   589   831  -221    88  -331   875  -206  -643   708   268   866   297   612   676  -575   578  -168  -243  -651   -69   309  -201   498   763  -342  -589  -553   218  -710   580  -474   718   471  -628   892   194   507   271     1   426   306  -481   506   529   744    14  -940 
 -856  -616  -916  -607   886  -288  -336   452  -847   427   250  -510  -581   -98  -998   660  -363  -665   565   250   295   265  -718  -318   316  -450   282  -479  -714  -503  -786   673   479   437   627  -794   301   615  -920  -317  -694  -514  -433   734   959  -478   773   547   472   763   677   187   -58   404  -466   818   206  -784  -105  -846  -917  -528  -656  -954 
 -667  -728  -941  -309  -865  -527   717   112   788  -105   119  -664  -997  -752  -491   518  -766  -836   -41  -825   578  -290   256   515  -898   439   -61  -897  -242   217  -422  -368  -278  -738  -397  -829   512  -254  -274   284   707   719   266   157  -441   -63   800  -784  -379   930   888   974  -418   718  -505   426  -506   940   887   896   247  -872   305   652 
  639   574   643   439   952   284  -450   634  -845   565  -849  -701  -808   982  -459  -781   585  -832  -455   449  -102    97   -57   119  -181  -589  -953  -745   597  -770  -634   747   266   670    84   601     2  -127   997  -120     6   269   -65  -407  -332  -897  -279    84  -154  -835  -365   798   -14   853  -401   905  -924   185  -551   826   161   350   345  -657 
 -142   474  -887   925  -441   913   130   -98   651   429  -612  -692   579   203   701   857  -441  -139   627   850   815   755   985   440   293  -254  -485  -282    67   859   341   896  -539   932  -675   746   730  -709   518  -670  -291  -873   925  -406   462   546  -636  -585   299  -409  -936    90  -744   432   -66   361  -550   540   532   143  -942  -852   -39   536 
  -76  -873   767   293   907  -648    41  -532  -213   -75   850     7  -781  -991  -392  -241   854  -718   409    74   430   -14    75   365  -893   889   594   303    73  -369  -343   892   523  -431   154   406   -93  -532   564   241  -444  -303   986   680   776   162  -846    24   -93   205   366  -364   191  -676   568  -443   610   641  -711   474   756   232   602  -823 
 -428  -656   583  -729  -978  -515   -20   185  -724  -829  -712   855   742  -462  -221   287  -810  -926   339   763   865   670  -697   227   537   524   404  -447   -41   151  -529  -367  -169   538  -899   757  -282   891  -951  -366  -777   786   943  -892  -368   551   169  -401  -694   640   166   511   958   999  -870   227   592  -430   102  -325  -861   452   -31   970 
 -265   757  -874   981  -822  -339  -572  -435   -84   808   729   427  -501  -684   621  -210   171   -32   781   909   787   -99   789  -284  -329   862   875   245   716  -488   456   589   572   -67  -304  -938  -486   661  -896   355    92  -673  -378   657   898   634   400  -493  -987   183  -886   -34  -346   154  -562  -450  -750    16   302   942   131   417  -474  -352 
 -251  -441   165  -276   313   710  -739   289   626   893   535  -594   628  -219   797   818  -978  -236  -338   978  -841   -76   575   892   622  -707   239   812    -3   685   868    41   250   747   799   508   924  -205   428  -613  -785  -252    86   662   743  -994   534   825   490   956  -957   990  -318  -907   542  -476  -125    53  -810  -657  -112    -2   159   969 
 -642   767  -543  -159  -986   335  -242  -825   314   807  -502   128  -683  -496   608   802  -910  -118  -492   487  -554    93  -287    20   224  -717   813   680  -434  -523  -288  -313   998  -971  -644  -827  -701   348  -892  -130   993   471   778  -780  -846   558  -352   638  -352  -802   478   655  -965   292  -828  -787  -772   -16  -340  -768  -120  -277  -895   332 
  898   335  -566  -810   723   915   225   468   760  -645  -741   426   542   857  -233  -558   -69  -240  -326   395   818   972  -305   -16   442  -771   609   293  -750  -873   943   113   687  -764   271   233   960  -342  -722   377   105  -169    66  -673   529  -737  -122   319  -180   729  -257   509  -196  -904  -193   552    37  -141   465   -55   689   118   881   415 
 -439  -356   635  -273   343  -685   455   230    92    -9   811   986     6   -89   -90  -626   430   758  -303   362    43   138   163   402  -749  -910  -797   798   927  -842   -51  -617   771  -412   592  -556   771  -202   653   314   608  -943  -663   498  -327  -766  -392   857    31   -65   135  -455   420  -167   721  -913  -510   724  -394  -325   274    -8  -693   879 
