     349712      350240      350768      351296      351824      352352      352880      353408      353936      354464      354992      355520      356048      356576      357104      357632      358160      358688      359216      359744      360272      360800      361328      361856      362384      362912      363440      363968      364496      365024      365552      366080 
     858640      860192      861744      863296      864848      866400      867952      869504      871056      872608      874160      875712      877264      878816      880368      881920      883472      885024      886576      888128      889680      891232      892784      894336      895888      897440      898992      900544      902096      903648      905200      906752 
    1367568     1370144     1372720     1375296     1377872     1380448     1383024     1385600     1388176     1390752     1393328     1395904     1398480     1401056     1403632     1406208     1408784     1411360     1413936     1416512     1419088     1421664     1424240     1426816     1429392     1431968     1434544     1437120     1439696     1442272     1444848     1447424 
    1876496     1880096     1883696     1887296     1890896     1894496     1898096     1901696     1905296     1908896     1912496     1916096     1919696     1923296     1926896     1930496     1934096     1937696     1941296     1944896     1948496     1952096     1955696     1959296     1962896     1966496     1970096     1973696     1977296     1980896     1984496     1988096 
    2385424     2390048     2394672     2399296     2403920     2408544     2413168     2417792     2422416     2427040     2431664     2436288     2440912     2445536     2450160     2454784     2459408     2464032     2468656     2473280     2477904     2482528     2487152     2491776     2496400     2501024     2505648     2510272     2514896     2519520     2524144     2528768 
    2894352     2900000     2905648     2911296     2916944     2922592     2928240     2933888     2939536     2945184     2950832     2956480     2962128     2967776     2973424     2979072     2984720     2990368     2996016     3001664     3007312     3012960     3018608     3024256     3029904     3035552     3041200     3046848     3052496     3058144     3063792     3069440 
    3403280     3409952     3416624     3423296     3429968     3436640     3443312     3449984     3456656     3463328     3470000     3476672     3483344     3490016     3496688     3503360     3510032     3516704     3523376     3530048     3536720     3543392     3550064     3556736     3563408     3570080     3576752     3583424     3590096     3596768     3603440     3610112 
    3912208     3919904     3927600     3935296     3942992     3950688     3958384     3966080     3973776     3981472     3989168     3996864     4004560     4012256     4019952     4027648     4035344     4043040     4050736     4058432     4066128     4073824     4081520     4089216     4096912     4104608     4112304     4120000     4127696     4135392     4143088     4150784 
    4421136     4429856     4438576     4447296     4456016     4464736     4473456     4482176     4490896     4499616     4508336     4517056     4525776     4534496     4543216     4551936     4560656     4569376     4578096     4586816     4595536     4604256     4612976     4621696     4630416     4639136     4647856     4656576     4665296     4674016     4682736     4691456 
    4930064     4939808     4949552     4959296     4969040     4978784     4988528     4998272     5008016     5017760     5027504     5037248     5046992     5056736     5066480     5076224     5085968     5095712     5105456     5115200     5124944     5134688     5144432     5154176     5163920     5173664     5183408     5193152     5202896     5212640     5222384     5232128 
    5438992     5449760     5460528     5471296     5482064     5492832     5503600     5514368     5525136     5535904     5546672     5557440     5568208     5578976     5589744     5600512     5611280     5622048     5632816     5643584     5654352     5665120     5675888     5686656     5697424     5708192     5718960     5729728     5740496     5751264     5762032     5772800 
    5947920     5959712     5971504     5983296     5995088     6006880     6018672     6030464     6042256     6054048     6065840     6077632     6089424     6101216     6113008     6124800     6136592     6148384     6160176     6171968     6183760     6195552     6207344     6219136     6230928     6242720     6254512     6266304     6278096     6289888     6301680     6313472 
    6456848     6469664     6482480     6495296     6508112     6520928     6533744     6546560     6559376     6572192     6585008     6597824     6610640     6623456     6636272     6649088     6661904     6674720     6687536     6700352     6713168     6725984     6738800     6751616     6764432     6777248     6790064     6802880     6815696     6828512     6841328     6854144 
    6965776     6979616     6993456     7007296     7021136     7034976     7048816     7062656     7076496     7090336     7104176     7118016     7131856     7145696     7159536     7173376     7187216     7201056     7214896     7228736     7242576     7256416     7270256     7284096     7297936     7311776     7325616     7339456     7353296     7367136     7380976     7394816 
    7474704     7489568     7504432     7519296     7534160     7549024     7563888     7578752     7593616     7608480     7623344     7638208     7653072     7667936     7682800     7697664     7712528     7727392     7742256     7757120     7771984     7786848     7801712     7816576     7831440     7846304     7861168     7876032     7890896     7905760     7920624     7935488 
    7983632     7999520     8015408     8031296     8047184     8063072     8078960     8094848     8110736     8126624     8142512     8158400     8174288     8190176     8206064     8221952     8237840     8253728     8269616     8285504     8301392     8317280     8333168     8349056     8364944     8380832     8396720     8412608     8428496     8444384     8460272     8476160 
    8492560     8509472     8526384     8543296     8560208     8577120     8594032     8610944     8627856     8644768     8661680     8678592     8695504     8712416     8729328     8746240     8763152     8780064     8796976     8813888     8830800     8847712     8864624     8881536     8898448     8915360     8932272     8949184     8966096     8983008     8999920     9016832 
    9001488     9019424     9037360     9055296     9073232     9091168     9109104     9127040     9144976     9162912     9180848     9198784     9216720     9234656     9252592     9270528     9288464     9306400     9324336     9342272     9360208     9378144     9396080     9414016     9431952     9449888     9467824     9485760     9503696     9521632     9539568     9557504 
    9510416     9529376     9548336     9567296     9586256     9605216     9624176     9643136     9662096     9681056     9700016     9718976     9737936     9756896     9775856     9794816     9813776     9832736     9851696     9870656     9889616     9908576     9927536     9946496     9965456     9984416    10003376    10022336    10041296    10060256    10079216    10098176 
   10019344    10039328    10059312    10079296    10099280    10119264    10139248    10159232    10179216    10199200    10219184    10239168    10259152    10279136    10299120    10319104    10339088    10359072    10379056    10399040    10419024    10439008    10458992    10478976    10498960    10518944    10538928    10558912    10578896    10598880    10618864    10638848 
   10528272    10549280    10570288    10591296    10612304    10633312    10654320    10675328    10696336    10717344    10738352    10759360    10780368    10801376    10822384    10843392    10864400    10885408    10906416    10927424    10948432    10969440    10990448    11011456    11032464    11053472    11074480    11095488    11116496    11137504    11158512    11179520 
   11037200    11059232    11081264    11103296    11125328    11147360    11169392    11191424    11213456    11235488    11257520    11279552    11301584    11323616    11345648    11367680    11389712    11411744    11433776    11455808    11477840    11499872    11521904    11543936    11565968    11588000    11610032    11632064    11654096    11676128    11698160    11720192 
   11546128    11569184    11592240    11615296    11638352    11661408    11684464    11707520    11730576    11753632    11776688    11799744    11822800    11845856    11868912    11891968    11915024    11938080    11961136    11984192    12007248    12030304    12053360    12076416    12099472    12122528    12145584    12168640    12191696    12214752    12237808    12260864 
   12055056    12079136    12103216    12127296    12151376    12175456    12199536    12223616    12247696    12271776    12295856    12319936    12344016    12368096    12392176    12416256    12440336    12464416    12488496    12512576    12536656    12560736    12584816    12608896    12632976    12657056    12681136    12705216    12729296    12753376    12777456    12801536 
   12563984    12589088    12614192    12639296    12664400    12689504    12714608    12739712    12764816    12789920    12815024    12840128    12865232    12890336    12915440    12940544    12965648    12990752    13015856    13040960    13066064    13091168    13116272    13141376    13166480    13191584    13216688    13241792    13266896    13292000    13317104    13342208 
   13072912    13099040    13125168    13151296    13177424    13203552    13229680    13255808    13281936    13308064    13334192    13360320    13386448    13412576    13438704    13464832    13490960    13517088    13543216    13569344    13595472    13621600    13647728    13673856    13699984    13726112    13752240    13778368    13804496    13830624    13856752    13882880 
   13581840    13608992    13636144    13663296    13690448    13717600    13744752    13771904    13799056    13826208    13853360    13880512    13907664    13934816    13961968    13989120    14016272    14043424    14070576    14097728    14124880    14152032    14179184    14206336    14233488    14260640    14287792    14314944    14342096    14369248    14396400    14423552 
   14090768    14118944    14147120    14175296    14203472    14231648    14259824    14288000    14316176    14344352    14372528    14400704    14428880    14457056    14485232    14513408    14541584    14569760    14597936    14626112    14654288    14682464    14710640    14738816    14766992    14795168    14823344    14851520    14879696    14907872    14936048    14964224 
   14599696    14628896    14658096    14687296    14716496    14745696    14774896    14804096    14833296    14862496    14891696    14920896    14950096    14979296    15008496    15037696    15066896    15096096    15125296    15154496    15183696    15212896    15242096    15271296    15300496    15329696    15358896    15388096    15417296    15446496    15475696    15504896 
   15108624    15138848    15169072    15199296    15229520    15259744    15289968    15320192    15350416    15380640    15410864    15441088    15471312    15501536    15531760    15561984    15592208    15622432    15652656    15682880    15713104    15743328    15773552    15803776    15834000    15864224    15894448    15924672    15954896    15985120    16015344    16045568 
   15617552    15648800    15680048    15711296    15742544    15773792    15805040    15836288    15867536    15898784    15930032    15961280    15992528    16023776    16055024    16086272    16117520    16148768    16180016    16211264    16242512    16273760    16305008    16336256    16367504    16398752    16430000    16461248    16492496    16523744    16554992    16586240 
   16126480    16158752    16191024    16223296    16255568    16287840    16320112    16352384    16384656    16416928    16449200    16481472    16513744    16546016    16578288    16610560    16642832    16675104    16707376    16739648    16771920    16804192    16836464    16868736    16901008    16933280    16965552    16997824    17030096    17062368    17094640    17126912 
