      -2814       -5401       -1720      -10856         758        -777        5958        2565        5137      -10872         869       -6593       -6366        1806        1419        4771        3838       -2767         762        8538       13225       -4433        1085       -5259       -6495       -7909       -8842        3849       -9077       -1854       10883       -3416 
       -253           9        4649       -1779       -1423       -2163        6087        6212       -4288        2225        1075       -5879        6057        1054        5133       -1616        3859        1561       -2269       -3664        4711        5411        4623       -3684       -3722        8106       -7713       -2093       -2732        1702        3871         413 
       5227        3095       -8723        4058         114        2538         847        -679        2917       -4161        3661        9455       -4115        2226        3189        -938       -3591        1300       -3124       -4934       -5094        6748        -577        3312        1193        6777        9361       -8368        4645       -5841       -8437        1125 
       4815        1484        4559        1347        2919        1144        3474         928       -4076       -1927        2381        1746        1005        -463        2364         488       -3476        1864        3180       -2862         874        7227       -8370       -3378        3667        4711        -282         277        -888        3530       -4129        4504 
      -3282        3460       -4590        1679        7074        2359       -1792        5381       -2646         432       -6151        1476        2329       -2244       -7937        -605       -1951       -3746       -6978      -11123       -2196        5305        -689        7140          70        -664       -4495        2800       -2556       -1912         742        3520 
       8621         946       -9742        7988       -3390       -6003       -6841         728         303       -1571        3765        3429        -472          94         722         630        3619        3652       -3797         447       -1302       -3809       -1864       -1134       -4840       -1626        2813        -987        3814       -7574       -6238        3141 
       2334       -3010        1307       -8362       14371        3385       -3261        -802      -11048        7533       -6503        -259       -2521        1414        -875       -6768        6268        3129        -992        1729        5989       -4447        6010         139       -3990       -6349        1876        4291       -6133       -2846       -3127        1495 
       8382        4980        -804      -11023        9144       -3504        4127        5073       -1262       -8444        9323        2447        9608       -1365         615       10822       10038        8189        8073       -7952        2956       -2605        4010        1946       -4602        2277         426      -11017       -5162      -11986        5525      -12200 
      -7129       -4117        6845       -4401       -3028         192        -167       -7374       -6991       -1383        -460       -7534        7385       -4398       -4425        2290        5974       -6724        4357       -2105       -1358       -3376       -2442       -3646        -817         443        -359         236        9140        8215        2698        3233 
      -1402       -3468       -8649        5404       -1007         562        2869       -2963        2914       -1514       -2940       -1942       -8618         726        1486       -2536        -310         -86       -8761       -1508        2158       -3778        6448        1833       -5607        3121       -7925       -4948        -606        -158       -2341        4213 
       4802          99        5824        4280        1640       -3695         979       -7393       -6172        2723        5723       -3814        9154        2414       -2652        5602        4448       -2598       -4597        1630       -3576       -1349        4738       -2638       -4298       11991       -3813       -6049        2286          27         213       -2773 
      -2324        7725        5895       -4265       -3324        -578       -8091       -5110        8228       -4639         533       12270       -7853        6669         397       -6245        -186         491       -2623       -1584        1858        -139        4918        6219        2732       -4720       -7450        6798      -10681       -4690       -3407        7817 
        263         166       -5876        4428         576        8472         847       -4600       -7892        1617       -3493        7257       -1200        3007       -3532       -6907       -4379       -5476       -5523       -2124       -1676        2112        3431       -3167        2852       -4986        1285       -6812        2632        1020      -16789        3248 
       -933       10119        3946          11        1814         422         859       -3484       -1696        5409        4372        3857        6195        2482       -6433        2734       -5831        5083        2248       -4273         157       -4752        4351        6818        3034         828        4737       -6257       -8705       -3982         772       -3427 
      -5153        2526       -1851        3126        5829        1917       -1096       13709           6        6018        1598         643        2422       -4060        1464         392        4267       -2719        6279          35        4419       -4086       -1270       -1689        1343         131        1631        5236        3888       -3690        3809       -2662 
       7776       -1440       -5020       -6389        5425         758        -530        7899       -1713       -1786       -2917        2477       -6426      -17562        2888       -8360         924       -1884       -6507       -7708        2317        4108       -6385        9309       -8655         471       -6701        2210      -10235       -5142        5686        3006 
      -7096       -2683       -8114        2337       -1473        2148        6234        4057      -11122        1067       -8780       -5480       -7085      -10416       -4880       -2727        1679        3003        2368       -6633        3169       -7784        2625       -2516        6145       -8041        6634        -910        2654         750       -7466        7700 
       2403        5868       -4946        4515         360        2409       -8723       -4822        4299        1825        1926        4742        2067        4934        3088       -1957         788         258       -7596       -1066      -10840        2900       -4876         797       -4287       -1772        1861       -8190        6252        -722         175        -189 
       1667         -65        2462       -2524       -5024        2178       -2274       -4961       -7752        1129       -5778        4039        1696       -6703       -6953       -1051        1309        -502        3850       -1345       -4731        -538        1119       -2929          31      -11162       -1321       -1445       -9273       -4196      -10687        7708 
       5171         550        8970        -645       -3193         357         338       -4236       -3872       10068         428       -1335        4786        1172       -4081        -429        2271        -107        -456         616      -11042        2661       -1905        4236        1863        3460        2961         822        5896        8277         367       -4040 
        557        3283       -3397        -433         682       -4720        2282        6711        9153       -5330        5877        6275       -6006        4562        -354        4559       -8527        4376        -157       -7304       -3556        7436        -340        3875        1406       11454       -1992        6724          37       -5884        5601         155 
       -951        1201        2457       -3712       -3970       -5341         423        1265       10827       -6571       10193        9232       -1098       -1121       -2376        6649       -5010       -2367       10062         202       -4545       -5675        3726       -4741       -2283        -656       -3352        7430        -811       -3674        5125       -1241 
      -4555        2971       -8867        3223        -180       -1936        6117        9011        6460        3302       -5990       -2116        2396       -2617        1170        2194       -5137        7114       -1872       -6055       -5344        4685        6225        5176        5540        5322       -1666       -6429       -3621       -4764        6314       -1607 
      -5925         -21        -349        6006       -1857        2353        -726        4000        1509        3020       -7230       -1005        3462       -6054        1939       -4858         346       -2486       -5234        1161       -3686       -1107        8944       -1625        4658       -7421       -1311       -1264        1706       -2067       -6217        5253 
      -4656        2682        2663       -4722       -1723        2467       -2247      -10388       -2049        5753       -4215       -6491        2239        2720       -2013        -882        -744        2008       -3209         407       -8351       -3266        -633       -2137       -3860       -8864       -6587       -2754       -2755        6105        1865        1292 
       4439        5832       -6639       10304        4040       -3109       -4922        8014        3205         151        5614        5808        3091       -3529        1111        3577       -5835       -2690       -5332        -712       -2474        2183       -7882       -2964       -5027        -354       -1162        2515       -2424       -6248         598        -594 
       2127        4571       -8639         657       -1471       -4521       -6209        1804        4895      -10552        5632        -337        1818         777        2897        7797       -4115         -73         982        -506        5149       -2814         840       -4964       -4248       -2106        2950        6542       -5734       -8503        4169        -359 
       2759        4739        9308        -410       -1780       -5815       -3840       -6919        6923       -4961       -2223        2307        2414       12452       -1120        5062        4002       -3927        1222       11310       -5754       -2900        4159        -538        3768       -7754        2378        2514        5440       -2174       11833       -1853 
      -5105         446        7145       -1214       -6124       -2353        1628       -2882        6959       -3983        6928         479       -1745         145        2044        2413       -8236       -1228       -2424        1589        3208        2336        1106         390       -1299        7987        -773        5238       -2155        6029       -3071       -1237 
       3390       -4228       -3320        2970        -620       -2343       -3026        1358       -4906        3941         693         585         115        1523        6620       -4853        3125        -663        5307       -2347         801        8530      -10160       -4572        3037        6601        5565       -2352        6107       -2840         819        1397 
      -4014        2098        6988       -1596        2140        1153        3244        6059       -2115        6957         558       -2710         582        3126      -11040        4784       -3899       -5244        2199        -179       -7869       -1221        5225        -647         370        1089        2082       11670        5895        5603        7708       -8968 
       3968       -5903        6783        1717        1586        3159       -1707        6533       -2237       14073       -4909        1026        7352         319        6514       -4296       10134       -3998        4815        2433       -5555        6261         -26       -5578        4626        3391       -7295       -2688        4381       -1112        6946        -695 
